586 15.41 31.2586 121.5159 36.79 -118.0
587 15.41 31.2586 121.5159 36.79 -118.0
588 15.41 31.2586 121.5159 36.79 -118.0
590 15.41 31.2586 121.5159 36.79 -118.0
591 15.41 31.25859 121.51588 36.79 -118.0
592 15.41 31.25856 121.51585 36.79 -118.0
592 15.41 31.25853 121.51581 36.79 -118.0
590 15.41 31.2585 121.51578 36.79 -118.0
589 15.41 31.25846 121.51575 36.79 -118.0
587 15.41 31.25843 121.51571 36.79 -118.0
586 15.41 31.2584 121.51568 36.79 -118.0
587 15.41 31.25837 121.51565 36.79 -118.0
587 15.41 31.25834 121.51561 36.79 -118.0
588 15.41 31.25831 121.51558 36.79 -118.0
590 15.41 31.2583 121.51556 36.79 -118.0
591 15.42 31.2583 121.51556 36.79 -118.0591 15.42 31.2586 121.5159 36.79 -118.0
591 15.42 31.2586 121.5159 36.79 -118.0
591 15.42 31.2586 121.5159 36.79 -118.0
589 15.42 31.2586 121.5159 36.79 -118.0
587 15.42 31.2586 121.5159 36.79 -118.0
586 15.42 31.2586 121.5159 36.79 -118.0
586 15.42 31.2586 121.5159 36.79 -118.0
586 15.42 31.2586 121.5159 36.79 -118.0
588 15.42 31.2586 121.5159 36.79 -118.0
590 15.42 31.2586 121.5159 36.79 -118.0
591 15.42 31.2586 121.5159 36.79 -118.0
591 15.42 31.2586 121.5159 36.79 -118.0
590 15.42 31.2586 121.5159 36.79 -118.0
589 15.42 31.2586 121.5159 36.79 -118.0
587 15.42 31.2586 121.5159 36.79 -118.0
586 15.42 31.2586 121.5159 36.79 -118.0
586 15.42 31.2586 121.5159 36.79 -118.0
584 15.42 31.2586 121.5159 36.79 -118.0
586 15.42 31.2586 121.5159 36.79 -118.0
588 15.42 31.2586 121.5159 36.79 -118.0
589 15.42 31.2586 121.5159 36.79 -118.0
590 15.42 31.2586 121.5159 36.79 -118.0
590 15.43 31.2586 121.5159 36.79 -118.0
588 15.43 31.2586 121.5159 36.79 -118.0
586 15.43 31.2586 121.5159 36.79 -118.0
584 15.43 31.2586 121.5159 36.79 -118.0
583 15.43 31.2586 121.5159 36.79 -118.0
584 15.43 31.2586 121.5159 36.79 -118.0
585 15.43 31.2586 121.5159 36.79 -118.0
588 15.43 31.2586 121.5159 36.79 -118.0
589 15.43 31.2586 121.5159 36.79 -118.0
589 15.43 31.2586 121.5159 36.79 -118.0
588 15.43 31.2586 121.5159 36.79 -118.0584 15.44 31.25803 121.51613 36.79 -118.0
585 15.45 31.25803 121.51613 36.79 -118.0
585 15.46 31.25803 121.51613 36.79 -118.0
586 15.47 31.25803 121.51613 36.79 -118.0
589 15.48 31.2586 121.5159 36.79 -118.0
590 15.48 31.2586 121.5159 36.79 -118.0
591 15.48 31.2586 121.5159 36.79 -118.0
590 15.48 31.2586 121.5159 36.79 -118.0
589 15.48 31.2586 121.5159 36.79 -118.0
587 15.48 31.2586 121.5159 36.79 -118.0
585 15.48 31.2586 121.5159 36.79 -118.0
584 15.48 31.2586 121.5159 36.79 -118.0
585 15.48 31.2586 121.5159 36.79 -118.0
586 15.48 31.2586 121.5159 36.79 -118.0
588 15.48 31.2586 121.5159 36.79 -118.0
590 15.48 31.2586 121.5159 36.79 -118.0
590 15.48 31.2586 121.5159 36.79 -118.0
590 15.48 31.2586 121.5159 36.79 -118.0
588 15.48 31.25803 121.51613 36.79 -118.0
586 15.48 31.25803 121.51613 36.79 -118.0
585 15.48 31.25803 121.51613 36.79 -118.0
585 15.49 31.25805 121.51616 36.79 -118.0
586 15.49 31.25813 121.51627 36.79 -118.0
588 15.49 31.25815 121.5163 36.79 -118.0
590 15.49 31.25818 121.51633 36.79 -118.0
590 15.49 31.25821 121.51637 36.79 -118.0
588 15.49 31.25823 121.5164 36.79 -118.0
587 15.49 31.25826 121.51643 36.79 -118.0
585 15.49 31.25831 121.5165 36.79 -118.0
585 15.49 31.25834 121.51654 36.79 -118.0
586 15.49 31.25837 121.51658 36.79 -118.0
588 15.49 31.2584 121.51661 36.79 -118.0
590 15.49 31.25843 121.51665 36.79 -118.0
591 15.49 31.25845 121.51669 36.79 -118.0
590 15.49 31.25848 121.51672 36.79 -118.0
588 15.49 31.25851 121.51676 36.79 -118.0
586 15.49 31.25854 121.5168 36.79 -118.0
584 15.49 31.25857 121.51683 36.79 -118.0
584 15.49 31.25857 121.51683 36.79 -118.0
584 15.49 31.25857 121.51683 36.79 -118.0
587 15.49 31.25857 121.51684 36.79 -118.0
589 15.49 31.25857 121.51684 36.79 -118.0
590 15.49 31.25857 121.51684 36.79 -118.0
591 15.49 31.25857 121.51684 36.79 -118.0
590 15.49 31.25857 121.51684 36.79 -118.0
588 15.49 31.25857 121.51684 36.79 -118.0
586 15.49 31.25857 121.51684 36.79 -118.0
585 15.49 31.25857 121.51685 36.79 -118.0
585 15.49 31.25857 121.51685 36.79 -118.0
586 15.49 31.25858 121.51685 36.79 -118.0
588 15.49 31.25858 121.51685 36.79 -118.0
589 15.49 31.25858 121.51685 36.79 -118.0
590 15.49 31.25858 121.51685 36.79 -118.0
590 15.49 31.25858 121.51685 36.79 -118.0
586 15.49 31.25858 121.51685 36.79 -118.0
585 15.49 31.25858 121.51685 36.79 -118.0
584 15.49 31.25858 121.51685 36.79 -118.0
584 15.49 31.25858 121.51685 36.79 -118.0
585 15.49 31.25858 121.51685 36.79 -118.0
587 15.49 31.25858 121.51685 36.79 -118.0
589 15.49 31.25858 121.51685 36.79 -118.0
590 15.49 31.25858 121.51685 36.79 -118.0
589 15.49 31.25858 121.51685 36.79 -118.0
588 15.49 31.25858 121.51685 36.79 -118.0
586 15.49 31.25858 121.51685 36.79 -118.0
585 15.49 31.25858 121.51685 36.79 -118.0
584 15.49 31.25858 121.51685 36.79 -118.0
584 15.49 31.25858 121.51685 36.79 -118.0
585 15.49 31.25858 121.51685 36.79 -118.0
587 15.49 31.25858 121.51686 36.79 -118.0
589 15.49 31.25858 121.51686 36.79 -118.0
589 15.49 31.25859 121.51686 36.79 -118.0
589 15.49 31.25859 121.51686 36.79 -118.0
587 15.49 31.25859 121.51686 36.79 -118.0
585 15.49 31.25859 121.51687 36.79 -118.0
584 15.49 31.25859 121.51687 36.79 -118.0
585 15.49 31.25859 121.51687 36.79 -118.0
585 15.49 31.25859 121.51687 36.79 -118.0
586 15.49 31.2586 121.51687 36.79 -118.0
588 15.49 31.2586 121.51687 36.79 -118.0
590 15.49 31.2586 121.51688 36.79 -118.0
591 15.49 31.2586 121.51688 36.79 -118.0
590 15.49 31.25861 121.51689 36.79 -118.0
589 15.49 31.25861 121.51689 36.79 -118.0
587 15.49 31.25861 121.51689 36.79 -118.0
586 15.49 31.25861 121.5169 36.79 -118.0
585 15.49 31.25862 121.5169 36.79 -118.0
585 15.49 31.25862 121.5169 36.79 -118.0
586 15.49 31.25862 121.51691 36.79 -118.0
588 15.49 31.25863 121.51691 36.79 -118.0
590 15.49 31.25863 121.51691 36.79 -118.0
591 15.49 31.25864 121.51692 36.79 -118.0
591 15.49 31.25864 121.51693 36.79 -118.0
589 15.49 31.25864 121.51693 36.79 -118.0
587 15.49 31.25865 121.51694 36.79 -118.0
584 15.49 31.25865 121.51694 36.79 -118.0
583 15.49 31.25865 121.51695 36.79 -118.0
583 15.49 31.25866 121.51695 36.79 -118.0
586 15.49 31.25866 121.51696 36.79 -118.0
588 15.49 31.25867 121.51696 36.79 -118.0
590 15.49 31.25867 121.51697 36.79 -118.0
590 15.49 31.25868 121.51697 36.79 -118.0
590 15.49 31.25868 121.51698 36.79 -118.0
588 15.49 31.25869 121.517 36.79 -118.0
587 15.49 31.25871 121.51701 36.79 -118.0
585 15.49 31.25872 121.51703 36.79 -118.0
584 15.49 31.25872 121.51703 36.79 -118.0
584 15.49 31.25873 121.51704 36.79 -118.0
585 15.49 31.25873 121.51705 36.79 -118.0
588 15.49 31.25874 121.51705 36.79 -118.0
589 15.49 31.25874 121.51706 36.79 -118.0
590 15.49 31.25875 121.51707 36.79 -118.0
589 15.49 31.25875 121.51707 36.79 -118.0
588 15.49 31.25876 121.51709 36.79 -118.0
586 15.49 31.25878 121.5171 36.79 -118.0
585 15.49 31.25878 121.51711 36.79 -118.0
585 15.49 31.25879 121.51712 36.79 -118.0
585 15.49 31.2588 121.51713 36.79 -118.0
585 15.49 31.2588 121.51714 36.79 -118.0
586 15.49 31.25881 121.51714 36.79 -118.0
587 15.49 31.25882 121.51715 36.79 -118.0
589 15.49 31.25882 121.51717 36.79 -118.0
589 15.49 31.25883 121.51717 36.79 -118.0
588 15.49 31.25883 121.51718 36.79 -118.0
586 15.49 31.25884 121.51719 36.79 -118.0
585 15.49 31.25885 121.5172 36.79 -118.0
583 15.49 31.25886 121.51721 36.79 -118.0
583 15.49 31.25886 121.51722 36.79 -118.0
584 15.49 31.25887 121.51723 36.79 -118.0
586 15.49 31.25887 121.51723 36.79 -118.0
588 15.49 31.25887 121.51724 36.79 -118.0
588 15.49 31.25888 121.51724 36.79 -118.0
588 15.49 31.25888 121.51725 36.79 -118.0
588 15.49 31.25889 121.51725 36.79 -118.0
587 15.49 31.25889 121.51726 36.79 -118.0
585 15.49 31.2589 121.51727 36.79 -118.0
584 15.49 31.2589 121.51727 36.79 -118.0
583 15.49 31.2589 121.51728 36.79 -118.0
584 15.49 31.25891 121.51728 36.79 -118.0
586 15.49 31.25891 121.51729 36.79 -118.0
588 15.49 31.25892 121.51729 36.79 -118.0
589 15.49 31.25892 121.5173 36.79 -118.0
589 15.49 31.25892 121.5173 36.79 -118.0
589 15.49 31.25894 121.51733 36.79 -118.0
587 15.49 31.25896 121.51735 36.79 -118.0
586 15.49 31.25896 121.51736 36.79 -118.0
584 15.49 31.25897 121.51737 36.79 -118.0
584 15.49 31.25898 121.51738 36.79 -118.0
584 15.49 31.25898 121.51738 36.79 -118.0
586 15.49 31.25899 121.51739 36.79 -118.0
588 15.49 31.25899 121.5174 36.79 -118.0
589 15.49 31.259 121.51741 36.79 -118.0
589 15.49 31.259 121.51741 36.79 -118.0
586 15.49 31.25901 121.51742 36.79 -118.0
584 15.49 31.25901 121.51743 36.79 -118.0
583 15.49 31.25902 121.51743 36.79 -118.0
583 15.49 31.25902 121.51744 36.79 -118.0
585 15.49 31.25902 121.51744 36.79 -118.0
588 15.49 31.25903 121.51745 36.79 -118.0
589 15.49 31.25903 121.51745 36.79 -118.0
588 15.49 31.25903 121.51745 36.79 -118.0
586 15.49 31.25903 121.51745 36.79 -118.0
584 15.49 31.25903 121.51746 36.79 -118.0
583 15.49 31.25904 121.51746 36.79 -118.0
583 15.49 31.25904 121.51746 36.79 -118.0
584 15.49 31.25904 121.51746 36.79 -118.0
588 15.49 31.25904 121.51746 36.79 -118.0
590 15.49 31.25904 121.51747 36.79 -118.0
590 15.49 31.25904 121.51747 36.79 -118.0
588 15.49 31.25905 121.51747 36.79 -118.0
586 15.49 31.25905 121.51748 36.79 -118.0
585 15.49 31.25905 121.51748 36.79 -118.0
585 15.49 31.25905 121.51748 36.79 -118.0
585 15.49 31.25905 121.51748 36.79 -118.0
586 15.49 31.25905 121.51749 36.79 -118.0
588 15.49 31.25905 121.51749 36.79 -118.0
589 15.49 31.25906 121.51749 36.79 -118.0
589 15.49 31.25906 121.51749 36.79 -118.0
588 15.49 31.25906 121.5175 36.79 -118.0
586 15.49 31.25906 121.5175 36.79 -118.0
584 15.49 31.25906 121.5175 36.79 -118.0
583 15.49 31.25907 121.51751 36.79 -118.0
583 15.49 31.25907 121.51751 36.79 -118.0
583 15.49 31.25907 121.51751 36.79 -118.0
585 15.49 31.25907 121.51752 36.79 -118.0
587 15.49 31.25907 121.51752 36.79 -118.0
588 15.49 31.25907 121.51752 36.79 -118.0
588 15.49 31.25908 121.51753 36.79 -118.0
588 15.49 31.25908 121.51753 36.79 -118.0
586 15.49 31.25908 121.51753 36.79 -118.0
585 15.49 31.25908 121.51753 36.79 -118.0
583 15.49 31.25908 121.51753 36.79 -118.0
583 15.49 31.25908 121.51753 36.79 -118.0
583 15.49 31.25908 121.51753 36.79 -118.0
585 15.49 31.25927 121.51731 36.79 -118.0
587 15.49 31.25928 121.51731 36.79 -118.0
588 15.49 31.25928 121.5173 36.79 -118.0
588 15.49 31.25929 121.5173 36.79 -118.0
588 15.49 31.2593 121.51729 36.79 -118.0
586 15.49 31.25931 121.51729 36.79 -118.0
585 15.49 31.25931 121.51728 36.79 -118.0
583 15.49 31.25932 121.51728 36.79 -118.0
583 15.49 31.25933 121.51727 36.79 -118.0
585 15.49 31.25933 121.51727 36.79 -118.0
587 15.49 31.25934 121.51727 36.79 -118.0
588 15.49 31.25935 121.51726 36.79 -118.0
588 15.49 31.25935 121.51725 36.79 -118.0
588 15.49 31.25936 121.51725 36.79 -118.0
587 15.49 31.25937 121.51725 36.79 -118.0
586 15.49 31.25937 121.51724 36.79 -118.0
585 15.49 31.25938 121.51724 36.79 -118.0
584 15.49 31.25939 121.51723 36.79 -118.0
584 15.49 31.2594 121.51723 36.79 -118.0
586 15.49 31.25941 121.51722 36.79 -118.0
588 15.49 31.25942 121.51721 36.79 -118.0
588 15.49 31.25943 121.5172 36.79 -118.0
588 15.49 31.25944 121.5172 36.79 -118.0
586 15.49 31.25945 121.51719 36.79 -118.0
584 15.49 31.25946 121.51718 36.79 -118.0
583 15.49 31.25947 121.51718 36.79 -118.0
583 15.49 31.25948 121.51717 36.79 -118.0
584 15.49 31.2595 121.51716 36.79 -118.0
587 15.49 31.25951 121.51715 36.79 -118.0
589 15.49 31.25952 121.51715 36.79 -118.0
590 15.49 31.25952 121.51714 36.79 -118.0
589 15.49 31.25953 121.51714 36.79 -118.0
588 15.49 31.25954 121.51713 36.79 -118.0
586 15.49 31.25954 121.51713 36.79 -118.0
585 15.49 31.25955 121.51712 36.79 -118.0
584 15.49 31.25956 121.51712 36.79 -118.0
584 15.49 31.25956 121.51711 36.79 -118.0
586 15.49 31.25957 121.51711 36.79 -118.0
588 15.49 31.25958 121.5171 36.79 -118.0
590 15.49 31.25959 121.5171 36.79 -118.0
591 15.49 31.25959 121.51709 36.79 -118.0
590 15.49 31.2596 121.51709 36.79 -118.0
588 15.49 31.25961 121.51708 36.79 -118.0
586 15.49 31.25962 121.51708 36.79 -118.0
584 15.49 31.25962 121.51708 36.79 -118.0
584 15.49 31.25964 121.51707 36.79 -118.0
579 15.49 31.25965 121.51706 36.79 -118.0
591 15.49 31.25966 121.51705 36.79 -118.0
601 15.49 31.25966 121.51705 36.79 -118.0
599 15.49 31.25967 121.51704 36.79 -118.0
592 15.49 31.25968 121.51704 36.79 -118.0
589 15.49 31.25969 121.51703 36.79 -118.0
532 15.49 31.2597 121.51702 36.79 -118.0
617 15.49 31.25971 121.51702 36.79 -118.0
559 15.49 31.25972 121.51701 36.79 -118.0
582 15.49 31.25973 121.51701 36.79 -118.0
586 15.49 31.25973 121.517 36.79 -118.0
573 15.49 31.25974 121.51699 36.79 -118.0
501 15.49 31.25976 121.51698 36.79 -118.0
564 15.49 31.25978 121.51697 36.79 -118.0
431 15.49 31.25979 121.51696 36.79 -118.0
514 15.49 31.25981 121.51694 36.79 -118.0
566 15.49 31.25983 121.51693 36.79 -118.0
505 15.49 31.25985 121.51692 36.79 -118.0
600 15.49 31.25986 121.51691 36.79 -118.0
501 15.49 31.25987 121.5169 36.79 -118.0
549 15.49 31.25989 121.5169 36.79 -118.0
558 15.49 31.2599 121.51689 36.79 -118.0
513 15.49 31.25991 121.51689 36.79 -118.0
499 15.49 31.25992 121.51688 36.79 -118.0
504 15.49 31.25992 121.51688 36.79 -118.0
519 15.49 31.25993 121.51687 36.79 -118.0
564 15.49 31.25994 121.51687 36.79 -118.0
439 15.49 31.25994 121.51687 36.79 -118.0
610 15.49 31.25995 121.51686 36.79 -118.0
602 15.49 31.25996 121.51686 36.79 -118.0
577 15.49 31.25996 121.51686 36.79 -118.0
567 15.49 31.25997 121.51685 36.79 -118.0
562 15.49 31.25998 121.51685 36.79 -118.0
588 15.49 31.25998 121.51684 36.79 -118.0
555 15.49 31.25999 121.51684 36.79 -118.0
472 15.49 31.26 121.51683 36.79 -118.0
549 15.49 31.26001 121.51683 36.79 -118.0
533 15.49 31.26001 121.51682 36.79 -118.0
564 15.49 31.26002 121.51682 36.79 -118.0
528 15.49 31.26003 121.51681 36.79 -118.0
521 15.49 31.26003 121.51681 36.79 -118.0
568 15.49 31.26004 121.51681 36.79 -118.0
617 15.49 31.26004 121.5168 36.79 -118.0
559 15.49 31.26005 121.5168 36.79 -118.0
540 15.49 31.26005 121.51679 36.79 -118.0
476 15.49 31.26007 121.51678 36.79 -118.0
556 15.49 31.26008 121.51678 36.79 -118.0
592 15.49 31.26008 121.51678 36.79 -118.0
522 15.49 31.26009 121.51677 36.79 -118.0
589 15.49 31.26009 121.51677 36.79 -118.0
482 15.49 31.2601 121.51677 36.79 -118.0
506 15.49 31.2601 121.51676 36.79 -118.0
567 15.49 31.26011 121.51676 36.79 -118.0
564 15.49 31.26011 121.51676 36.79 -118.0
507 15.49 31.26012 121.51675 36.79 -118.0
564 15.49 31.26013 121.51675 36.79 -118.0
506 15.49 31.26013 121.51674 36.79 -118.0
351 15.49 31.26014 121.51674 36.79 -118.0
266 15.49 31.26014 121.51673 36.79 -118.0
224 15.49 31.26015 121.51673 36.79 -118.0
270 15.49 31.26015 121.51673 36.79 -118.0
203 15.49 31.26015 121.51673 36.79 -118.0
134 15.49 31.26016 121.51673 36.79 -118.0
42 15.49 31.26016 121.51672 36.79 -118.0
39 15.49 31.26016 121.51672 36.79 -118.0
36 15.49 31.26017 121.51672 36.79 -118.0
35 15.49 31.26017 121.51672 36.79 -118.0
35 15.49 31.26017 121.51671 36.79 -118.0
34 15.49 31.26018 121.51671 36.79 -118.0
34 15.49 31.26018 121.51671 36.79 -118.0
36 15.49 31.26018 121.51671 36.79 -118.0
34 15.49 31.26019 121.51671 36.79 -118.0
35 15.49 31.26019 121.5167 36.79 -118.0
35 15.49 31.26019 121.5167 36.79 -118.0
32 15.49 31.2602 121.5167 36.79 -118.0
32 15.49 31.2602 121.5167 36.79 -118.0
31 15.49 31.26021 121.51669 36.79 -118.0
33 15.49 31.26021 121.51669 36.79 -118.0
35 15.49 31.26022 121.51669 36.79 -118.0
36 15.49 31.26022 121.51668 36.79 -118.0
36 15.49 31.26023 121.51668 36.79 -118.0
38 15.49 31.26023 121.51668 36.79 -118.0
39 15.49 31.26024 121.51668 36.79 -118.0
41 15.49 31.26024 121.51667 36.79 -118.0
52 15.49 31.26025 121.51667 36.79 -118.0
46 15.49 31.26026 121.51666 36.79 -118.0
47 15.49 31.26026 121.51666 36.79 -118.0
46 15.49 31.26027 121.51665 36.79 -118.0
46 15.49 31.26028 121.51665 36.79 -118.0
32 15.49 31.26028 121.51664 36.79 -118.0
32 15.49 31.26029 121.51664 36.79 -118.0
31 15.49 31.26029 121.51664 36.79 -118.0
33 15.49 31.2603 121.51663 36.79 -118.0
33 15.49 31.2603 121.51663 36.79 -118.0
38 15.49 31.26031 121.51662 36.79 -118.0
42 15.49 31.26032 121.51662 36.79 -118.0
42 15.49 31.26033 121.51661 36.79 -118.0
39 15.49 31.26034 121.51661 36.79 -118.0
41 15.49 31.26035 121.5166 36.79 -118.0
39 15.49 31.26035 121.5166 36.79 -118.0
40 15.49 31.26036 121.5166 36.79 -118.0
14 15.49 31.26036 121.51659 36.79 -118.0
12 15.49 31.26037 121.51659 36.79 -118.0
33 15.49 31.26038 121.51658 36.79 -118.0
39 15.49 31.26038 121.51658 36.79 -118.0
34 15.49 31.26039 121.51658 36.79 -118.0
36 15.49 31.26039 121.51657 36.79 -118.0
27 15.49 31.2604 121.51657 36.79 -118.0
12 15.49 31.26041 121.51656 36.79 -118.0
25 15.49 31.26041 121.51656 36.79 -118.0
22 15.49 31.26042 121.51656 36.79 -118.0
30 15.49 31.26042 121.51655 36.79 -118.0
39 15.49 31.26043 121.51655 36.79 -118.0
38 15.49 31.26043 121.51655 36.79 -118.0
37 15.49 31.26044 121.51654 36.79 -118.0
34 15.49 31.26044 121.51654 36.79 -118.0
13 15.49 31.26045 121.51654 36.79 -118.0
11 15.49 31.26045 121.51653 36.79 -118.0
11 15.49 31.26048 121.51652 36.79 -118.0
12 15.49 31.26053 121.51648 36.79 -118.0
11 15.49 31.26056 121.51646 36.79 -118.0
10 15.49 31.26059 121.51644 36.79 -118.0
11 15.49 31.26062 121.51643 36.79 -118.0
10 15.49 31.26065 121.51641 36.79 -118.0
10 15.49 31.26066 121.5164 36.79 -118.0
11 15.49 31.26069 121.51638 36.79 -118.0
22 15.49 31.2607 121.51637 36.79 -118.0
24 15.5 31.26071 121.51637 36.79 -118.0
23 15.5 31.26072 121.51636 36.79 -118.0
16 15.5 31.26072 121.51636 36.79 -118.0
24 15.5 31.26072 121.51636 36.79 -118.0
26 15.5 31.26064 121.51608 36.79 -118.0
25 15.5 31.26057 121.51601 36.79 -118.0
27 15.5 31.26051 121.51594 36.79 -118.0
15 15.5 31.26045 121.51587 36.79 -118.0
27 15.5 31.2604 121.51582 36.79 -118.0
15 15.5 31.26035 121.51575 36.79 -118.0
27 15.5 31.26028 121.51568 36.79 -118.0
31 15.5 31.26022 121.51562 36.79 -118.0
27 15.5 31.26017 121.51555 36.79 -118.0
15 15.5 31.26012 121.5155 36.79 -118.0
28 15.5 31.26007 121.51544 36.79 -118.0
28 15.5 31.26003 121.51539 36.79 -118.0
29 15.5 31.25998 121.51534 36.79 -118.0
30 15.5 31.25993 121.51528 36.79 -118.0
29 15.5 31.2599 121.51524 36.79 -118.0
28 15.5 31.25987 121.51521 36.79 -118.0
29 15.5 31.25983 121.51517 36.79 -118.0
29 15.5 31.25979 121.51512 36.79 -118.0
26 15.5 31.25972 121.51504 36.79 -118.0
27 15.5 31.25968 121.51499 36.79 -118.0
26 15.5 31.25962 121.51493 36.79 -118.0
24 15.5 31.2596 121.51491 36.79 -118.0
25 15.5 31.25952 121.51482 36.79 -118.0
15 15.5 31.25948 121.51478 36.79 -118.0
25 15.5 31.25941 121.51469 36.79 -118.0
25 15.5 31.25935 121.51463 36.79 -118.0
26 15.5 31.25929 121.51457 36.79 -118.0
25 15.5 31.25924 121.51451 36.79 -118.0
26 15.5 31.25918 121.51444 36.79 -118.0
26 15.5 31.25912 121.51437 36.79 -118.0
27 15.5 31.25908 121.51433 36.79 -118.0
26 15.5 31.25904 121.51428 36.79 -118.0
27 15.5 31.25898 121.51421 36.79 -118.0
27 15.5 31.25896 121.51419 36.79 -118.0
27 15.5 31.25894 121.51415 36.79 -118.0
28 15.5 31.25891 121.51413 36.79 -118.0
27 15.5 31.25888 121.51408 36.79 -118.0
27 15.5 31.25885 121.51406 36.79 -118.0
28 15.5 31.25883 121.51402 36.79 -118.0
29 15.5 31.2588 121.51399 36.79 -118.0
28 15.5 31.25877 121.51396 36.79 -118.0
28 15.5 31.25875 121.51393 36.79 -118.0
28 15.5 31.25872 121.5139 36.79 -118.0
29 15.5 31.2587 121.51387 36.79 -118.0
28 15.5 31.25869 121.51386 36.79 -118.0
28 15.5 31.25868 121.51385 36.79 -118.0
28 15.5 31.25868 121.51385 36.79 -118.0
28 15.5 31.25867 121.51384 36.79 -118.0
29 15.5 31.25867 121.51384 36.79 -118.0
28 15.51 31.25867 121.51384 36.79 -118.0
28 15.51 31.25867 121.51384 36.79 -118.0
29 15.51 31.25867 121.51384 36.79 -118.0
28 15.51 31.25867 121.51384 36.79 -118.0
28 15.51 31.25867 121.51384 36.79 -118.0
28 15.51 31.25867 121.51384 36.79 -118.0
28 15.51 31.25867 121.51384 36.79 -118.0
28 15.51 31.25867 121.51384 36.79 -118.0
28 15.51 31.25867 121.51384 36.79 -118.0
28 15.51 31.25867 121.51384 36.79 -118.0
29 15.51 31.25867 121.51384 36.79 -118.0
28 15.51 31.25867 121.51384 36.79 -118.0
28 15.51 31.25867 121.51384 36.79 -118.0
28 15.51 31.25867 121.51384 36.79 -118.0
28 15.51 31.25867 121.51384 36.79 -118.0
28 15.51 31.25867 121.51384 36.79 -118.0
29 15.51 31.25867 121.51384 36.79 -118.0
28 15.51 31.25867 121.51384 36.79 -118.0
28 15.51 31.25867 121.51384 36.79 -118.0
28 15.51 31.25867 121.51384 36.79 -118.0
28 15.51 31.25866 121.51383 36.79 -118.0
28 15.51 31.25866 121.51383 36.79 -118.0
28 15.51 31.25866 121.51383 36.79 -118.0
28 15.51 31.25866 121.51383 36.79 -118.0
28 15.51 31.25866 121.51383 36.79 -118.0
28 15.51 31.25866 121.51383 36.79 -118.0
28 15.51 31.25866 121.51382 36.79 -118.0
28 15.51 31.25865 121.51382 36.79 -118.0
28 15.51 31.25865 121.51382 36.79 -118.0
26 15.51 31.25864 121.51381 36.79 -118.0
25 15.51 31.25861 121.51377 36.79 -118.0
27 15.51 31.25859 121.51375 36.79 -118.0
24 15.51 31.25853 121.51367 36.79 -118.0
24 15.51 31.25849 121.51363 36.79 -118.0
28 15.51 31.25845 121.51358 36.79 -118.0
14 15.51 31.25842 121.51354 36.79 -118.0
26 15.51 31.25837 121.51349 36.79 -118.0
26 15.51 31.25832 121.51343 36.79 -118.0
26 15.51 31.25829 121.5134 36.79 -118.0
26 15.51 31.25825 121.51334 36.79 -118.0
25 15.51 31.25822 121.51331 36.79 -118.0
25 15.51 31.25818 121.51327 36.79 -118.0
24 15.51 31.25815 121.51323 36.79 -118.0
24 15.51 31.25814 121.51321 36.79 -118.0
25 15.51 31.25812 121.5132 36.79 -118.0
24 15.51 31.25812 121.51319 36.79 -118.0
10 15.51 31.25812 121.51319 36.79 -118.0
10 15.51 31.25828 121.51299 36.79 -118.0
10 15.51 31.25834 121.51294 36.79 -118.0
25 15.51 31.2584 121.51288 36.79 -118.0
26 15.51 31.25846 121.51283 36.79 -118.0
27 15.51 31.25854 121.51276 36.79 -118.0
15 15.51 31.25862 121.51269 36.79 -118.0
11 15.51 31.2587 121.51261 36.79 -118.0
11 15.51 31.25876 121.51256 36.79 -118.0
27 15.51 31.25883 121.51249 36.79 -118.0
25 15.51 31.2589 121.51242 36.79 -118.0
25 15.51 31.25898 121.51236 36.79 -118.0
27 15.51 31.25904 121.5123 36.79 -118.0
11 15.51 31.25908 121.51227 36.79 -118.0
11 15.51 31.25913 121.51222 36.79 -118.0
21 15.51 31.2592 121.51217 36.79 -118.0
19 15.51 31.25923 121.51214 36.79 -118.0
22 15.51 31.25926 121.51211 36.79 -118.0
25 15.51 31.2593 121.51208 36.79 -118.0
25 15.51 31.25934 121.51204 36.79 -118.0
22 15.52 31.25939 121.512 36.79 -118.0
10 15.52 31.25941 121.51198 36.79 -118.0
11 15.52 31.25944 121.51196 36.79 -118.0
10 15.52 31.25946 121.51194 36.79 -118.0
11 15.52 31.25947 121.51193 36.79 -118.0
11 15.52 31.25949 121.51192 36.79 -118.0
11 15.52 31.25949 121.51191 36.79 -118.0
10 15.52 31.2595 121.51191 36.79 -118.0
10 15.52 31.2595 121.5119 36.79 -118.0
10 15.52 31.2595 121.5119 36.79 -118.0
11 15.52 31.2595 121.5119 36.79 -118.0
10 15.52 31.2595 121.5119 36.79 -118.0
10 15.52 31.25951 121.5119 36.79 -118.0
11 15.52 31.25951 121.5119 36.79 -118.0
10 15.52 31.25951 121.5119 36.79 -118.0
11 15.52 31.25952 121.51189 36.79 -118.0
18 15.52 31.25952 121.51189 36.79 -118.011 15.52 31.26072 121.51087 36.79 -118.0
11 15.52 31.26079 121.51078 36.79 -118.0
10 15.52 31.26091 121.51065 36.79 -118.0
10 15.52 31.26101 121.51056 36.79 -118.0
10 15.52 31.26112 121.51045 36.79 -118.0
10 15.52 31.26124 121.51031 36.79 -118.0
10 15.52 31.26128 121.51027 36.79 -118.0
22 15.52 31.26145 121.51009 36.79 -118.0
26 15.52 31.26147 121.51007 36.79 -118.0
26 15.52 31.26158 121.50994 36.79 -118.0
25 15.52 31.26169 121.50982 36.79 -118.0
25 15.52 31.26179 121.50972 36.79 -118.0
21 15.52 31.26188 121.50963 36.79 -118.0
10 15.52 31.26199 121.5095 36.79 -118.0
10 15.52 31.26207 121.5094 36.79 -118.0
24 15.52 31.26219 121.50926 36.79 -118.0
10 15.52 31.26227 121.50916 36.79 -118.0
10 15.52 31.26239 121.50901 36.79 -118.0
11 15.52 31.26245 121.50893 36.79 -118.0
10 15.52 31.26251 121.50886 36.79 -118.0
10 15.52 31.26259 121.50876 36.79 -118.0
10 15.52 31.26268 121.50866 36.79 -118.0
13 15.52 31.26278 121.50855 36.79 -118.0
11 15.52 31.26284 121.50848 36.79 -118.0
12 15.52 31.26294 121.50839 36.79 -118.0
26 15.52 31.26306 121.50831 36.79 -118.0
36 15.52 31.26317 121.50822 36.79 -118.0
38 15.52 31.26329 121.50815 36.79 -118.0
34 15.53 31.26338 121.50809 36.79 -118.0
28 15.53 31.26348 121.50802 36.79 -118.0
16 15.53 31.26359 121.50794 36.79 -118.0
36 15.53 31.26368 121.50789 36.79 -118.0
31 15.53 31.26378 121.50782 36.79 -118.0
36 15.53 31.26386 121.50778 36.79 -118.0
37 15.53 31.26394 121.50773 36.79 -118.0
31 15.53 31.26403 121.50766 36.79 -118.0
25 15.53 31.26412 121.5076 36.79 -118.0
11 15.53 31.26421 121.50753 36.79 -118.0
11 15.53 31.26429 121.50748 36.79 -118.0
11 15.53 31.26438 121.50742 36.79 -118.0
11 15.53 31.26446 121.50737 36.79 -118.0
11 15.53 31.26458 121.50729 36.79 -118.0
18 15.53 31.26466 121.50724 36.79 -118.0
26 15.53 31.26477 121.50716 36.79 -118.0
28 15.53 31.26486 121.5071 36.79 -118.0
29 15.53 31.26497 121.50702 36.79 -118.0
30 15.53 31.26505 121.50697 36.79 -118.0
31 15.53 31.26517 121.50689 36.79 -118.0
53 15.53 31.26531 121.5068 36.79 -118.0
53 15.53 31.2654 121.50675 36.79 -118.0
66 15.53 31.26552 121.50668 36.79 -118.0
38 15.53 31.26561 121.50663 36.79 -118.0
49 15.53 31.26574 121.50659 36.79 -118.0
61 15.53 31.26586 121.50656 36.79 -118.0
55 15.53 31.26597 121.50652 36.79 -118.0
51 15.53 31.26606 121.5065 36.79 -118.0
47 15.53 31.26618 121.50648 36.79 -118.0
33 15.53 31.26631 121.50645 36.79 -118.0
47 15.53 31.26643 121.50644 36.79 -118.0
43 15.53 31.26658 121.50644 36.79 -118.0
52 15.53 31.26672 121.50645 36.79 -118.0
42 15.53 31.26683 121.50645 36.79 -118.0
39 15.53 31.26697 121.50646 36.79 -118.0
24 15.53 31.26706 121.50647 36.79 -118.0
40 15.53 31.26716 121.50647 36.79 -118.0
38 15.53 31.26724 121.50647 36.79 -118.0
41 15.53 31.26734 121.50648 36.79 -118.0
39 15.53 31.26744 121.50648 36.79 -118.0
36 15.53 31.26752 121.50647 36.79 -118.0
34 15.53 31.26756 121.50647 36.79 -118.0
33 15.53 31.26763 121.50646 36.79 -118.0
29 15.53 31.26773 121.50645 36.79 -118.0
31 15.53 31.26783 121.50645 36.79 -118.0
16 15.53 31.26793 121.50646 36.79 -118.0
20 15.53 31.26802 121.50647 36.79 -118.0
16 15.53 31.26815 121.50648 36.79 -118.0
16 15.53 31.26828 121.50649 36.79 -118.0
23 15.53 31.26842 121.5065 36.79 -118.01
24 15.53 31.26852 121.5065 36.79 -118.01
18 15.53 31.26863 121.5065 36.79 -118.01
17 15.53 31.26876 121.5065 36.79 -118.01
19 15.53 31.26885 121.50649 36.79 -118.01
19 15.53 31.26896 121.5065 36.79 -118.01
38 15.53 31.26904 121.50651 36.79 -118.01
31 15.53 31.26914 121.5065 36.79 -118.01
39 15.53 31.26922 121.5065 36.79 -118.01
40 15.53 31.26931 121.50651 36.79 -118.01
38 15.53 31.26942 121.5065 36.79 -118.01
40 15.54 31.26949 121.5065 36.79 -118.01
31 15.54 31.2696 121.5065 36.79 -118.01
19 15.54 31.26972 121.50649 36.79 -118.01
32 15.54 31.26987 121.5065 36.79 -118.01
31 15.54 31.26994 121.5065 36.79 -118.01
18 15.54 31.27004 121.5065 36.79 -118.01
21 15.54 31.27017 121.50651 36.79 -118.01
20 15.54 31.27028 121.50654 36.79 -118.01
27 15.54 31.27036 121.50653 36.79 -118.01
22 15.54 31.27045 121.50651 36.79 -118.01
16 15.54 31.27054 121.50649 36.79 -118.01
16 15.54 31.27061 121.50648 36.79 -118.01
15 15.54 31.27069 121.50644 36.79 -118.01
24 15.54 31.27074 121.5064 36.79 -118.01
14 15.54 31.2708 121.50635 36.79 -118.01
25 15.54 31.27085 121.50629 36.79 -118.01
30 15.54 31.27091 121.50623 36.79 -118.01
26 15.54 31.27097 121.50616 36.79 -118.01
35 15.54 31.27102 121.50609 36.79 -118.01
35 15.54 31.27107 121.50602 36.79 -118.01
35 15.54 31.27111 121.50595 36.79 -118.01
33 15.54 31.27116 121.50585 36.79 -118.01
33 15.54 31.27118 121.50579 36.79 -118.01
31 15.54 31.27125 121.50572 36.79 -118.01
33 15.54 31.27131 121.50565 36.79 -118.01
33 15.54 31.27138 121.50559 36.79 -118.01
33 15.54 31.27145 121.50552 36.79 -118.01
30 15.54 31.2715 121.50546 36.79 -118.01
29 15.54 31.27159 121.50539 36.79 -118.01
25 15.54 31.27165 121.50532 36.79 -118.01
13 15.54 31.27172 121.50524 36.79 -118.01
30 15.54 31.2718 121.50516 36.79 -118.01
21 15.54 31.27184 121.50511 36.79 -118.01
14 15.54 31.27192 121.50502 36.79 -118.01
34 15.54 31.27198 121.50497 36.79 -118.01
34 15.54 31.27203 121.5049 36.79 -118.01
32 15.54 31.27208 121.50484 36.79 -118.01
37 15.54 31.27216 121.50474 36.79 -118.01
30 15.54 31.2722 121.50468 36.79 -118.01
34 15.54 31.27226 121.50461 36.79 -118.01
33 15.54 31.27233 121.50453 36.79 -118.01
17 15.54 31.27239 121.50446 36.79 -118.01
20 15.54 31.27247 121.50436 36.79 -118.01
32 15.54 31.27254 121.50428 36.79 -118.01
33 15.54 31.27263 121.50418 36.79 -118.01
23 15.54 31.27268 121.50412 36.79 -118.01
28 15.54 31.27275 121.50403 36.79 -118.01
32 15.54 31.27283 121.50395 36.79 -118.01
29 15.54 31.27289 121.50387 36.79 -118.01
31 15.54 31.27295 121.5038 36.79 -118.01
33 15.54 31.27301 121.50374 36.79 -118.01
36 15.54 31.27308 121.50366 36.79 -118.01
31 15.54 31.27315 121.50359 36.79 -118.01
33 15.54 31.27322 121.50351 36.79 -118.01
28 15.54 31.27331 121.50341 36.79 -118.01
28 15.54 31.27338 121.50335 36.79 -118.01
30 15.54 31.27347 121.50324 36.79 -118.01
31 15.54 31.27356 121.50311 36.79 -118.01
30 15.54 31.27362 121.50303 36.79 -118.01
29 15.54 31.27372 121.5029 36.79 -118.01
31 15.55 31.27378 121.50283 36.79 -118.01
32 15.55 31.27387 121.50272 36.79 -118.01
33 15.55 31.27395 121.50262 36.79 -118.01
33 15.55 31.274 121.50256 36.79 -118.01
32 15.55 31.27407 121.50248 36.79 -118.01
30 15.55 31.27415 121.5024 36.79 -118.01
9 15.55 31.27423 121.5023 36.79 -118.01
26 15.55 31.2743 121.50221 36.79 -118.01
27 15.55 31.27438 121.50211 36.79 -118.01
27 15.55 31.27446 121.50201 36.79 -118.01
27 15.55 31.27455 121.50192 36.79 -118.01
11 15.55 31.27462 121.50183 36.79 -118.01
24 15.55 31.2747 121.50173 36.79 -118.01
24 15.55 31.27478 121.50164 36.79 -118.01
25 15.55 31.27485 121.50155 36.79 -118.01
26 15.55 31.27493 121.50147 36.79 -118.01
23 15.55 31.275 121.50138 36.79 -118.01
21 15.55 31.27508 121.50128 36.79 -118.01
9 15.55 31.27513 121.50121 36.79 -118.01
9 15.55 31.27519 121.50114 36.79 -118.01
9 15.55 31.27526 121.50107 36.79 -118.01
9 15.55 31.27532 121.50099 36.79 -118.01
9 15.55 31.27537 121.50093 36.79 -118.01
15 15.55 31.27544 121.50087 36.79 -118.01
10 15.55 31.27548 121.50081 36.79 -118.01
10 15.55 31.27553 121.50074 36.79 -118.01
10 15.55 31.27557 121.5007 36.79 -118.01
10 15.55 31.2756 121.50064 36.79 -118.01
9 15.55 31.27562 121.5006 36.79 -118.01
10 15.55 31.27565 121.50055 36.79 -118.01
10 15.55 31.27569 121.50049 36.79 -118.01
10 15.55 31.27571 121.50046 36.79 -118.01
22 15.55 31.27574 121.5004 36.79 -118.01
22 15.55 31.27576 121.50036 36.79 -118.01
24 15.55 31.27578 121.50033 36.79 -118.01
24 15.55 31.27581 121.50029 36.79 -118.01
27 15.55 31.27583 121.50026 36.79 -118.01
28 15.55 31.27585 121.50022 36.79 -118.01
29 15.55 31.27587 121.50018 36.79 -118.01
28 15.55 31.27589 121.50016 36.79 -118.01
28 15.55 31.2759 121.50013 36.79 -118.01
28 15.55 31.27592 121.5001 36.79 -118.01
29 15.55 31.27593 121.50008 36.79 -118.01
28 15.55 31.27593 121.50007 36.79 -118.01
28 15.55 31.27594 121.50006 36.79 -118.01
29 15.55 31.27594 121.50006 36.79 -118.01
28 15.55 31.27595 121.50006 36.79 -118.01
29 15.55 31.27595 121.50006 36.79 -118.01
28 15.55 31.27595 121.50006 36.79 -118.01
29 15.55 31.27595 121.50007 36.79 -118.01
28 15.55 31.27596 121.50006 36.79 -118.01
28 15.55 31.27596 121.50006 36.79 -118.01
28 15.55 31.27596 121.50005 36.79 -118.01
29 15.55 31.27597 121.50003 36.79 -118.01
28 15.55 31.27597 121.50003 36.79 -118.01
26 15.55 31.27597 121.50003 36.79 -118.01
21 15.55 31.27597 121.50003 36.79 -118.01
27 15.55 31.27598 121.5 36.79 -118.01
27 15.55 31.27599 121.49998 36.79 -118.01
27 15.56 31.27601 121.49994 36.79 -118.01
27 15.56 31.27601 121.49994 36.79 -118.01
24 15.56 31.27601 121.49992 36.79 -118.0128 15.56 31.27605 121.49976 36.79 -118.01
13 15.56 31.27606 121.49974 36.79 -118.01
27 15.56 31.27607 121.49972 36.79 -118.01
27 15.56 31.27608 121.49969 36.79 -118.01
28 15.56 31.2761 121.49965 36.79 -118.01
28 15.56 31.27612 121.49959 36.79 -118.01
28 15.56 31.27614 121.49955 36.79 -118.01
16 15.56 31.27616 121.4995 36.79 -118.01
29 15.56 31.27618 121.49944 36.79 -118.01
11 15.56 31.27619 121.49939 36.79 -118.01
12 15.56 31.27621 121.49934 36.79 -118.01
12 15.56 31.27623 121.49929 36.79 -118.01
12 15.56 31.27626 121.49922 36.79 -118.01
19 15.56 31.27627 121.49915 36.79 -118.01
12 15.56 31.27628 121.49905 36.79 -118.01
27 15.56 31.2763 121.49897 36.79 -118.01
28 15.56 31.27631 121.4989 36.79 -118.01
30 15.56 31.27633 121.49881 36.79 -118.01
31 15.56 31.27636 121.4987 36.79 -118.01
31 15.56 31.27639 121.49862 36.79 -118.01
29 15.56 31.27642 121.49848 36.79 -118.01
18 15.56 31.27643 121.49841 36.79 -118.01
13 15.56 31.27645 121.49834 36.79 -118.01
13 15.56 31.27647 121.49829 36.79 -118.01
13 15.56 31.27647 121.49826 36.79 -118.01
21 15.56 31.27649 121.4982 36.79 -118.01
14 15.56 31.2765 121.49816 36.79 -118.01
14 15.56 31.27649 121.49812 36.79 -118.01
13 15.56 31.27649 121.49811 36.79 -118.01
14 15.56 31.2765 121.49808 36.79 -118.01
14 15.56 31.27653 121.49805 36.79 -118.01
14 15.56 31.27654 121.49802 36.79 -118.01
13 15.56 31.27654 121.49798 36.79 -118.01
13 15.56 31.27653 121.49796 36.79 -118.01
13 15.56 31.27651 121.49795 36.79 -118.01
12 15.56 31.27645 121.49796 36.79 -118.01
13 15.56 31.27639 121.49796 36.79 -118.01
12 15.56 31.27636 121.49792 36.79 -118.01
13 15.56 31.27637 121.4978 36.79 -118.01
12 15.56 31.27641 121.49768 36.79 -118.01
13 15.56 31.27644 121.49759 36.79 -118.01
13 15.56 31.27645 121.49753 36.79 -118.01
13 15.56 31.27644 121.4975 36.79 -118.01
13 15.56 31.27639 121.49752 36.79 -118.01
12 15.56 31.27644 121.49744 36.79 -118.01
13 15.56 31.27647 121.49738 36.79 -118.01
13 15.56 31.27647 121.49732 36.79 -118.01
13 15.56 31.27648 121.49728 36.79 -118.01
12 15.57 31.27649 121.49721 36.79 -118.01
13 15.57 31.27651 121.49712 36.79 -118.01
12 15.57 31.27653 121.49702 36.79 -118.01
14 15.57 31.27652 121.49697 36.79 -118.01
12 15.57 31.2765 121.49693 36.79 -118.01
12 15.57 31.27648 121.49689 36.79 -118.01
12 15.57 31.27645 121.49689 36.79 -118.01
12 15.57 31.27645 121.49689 36.79 -118.01
12 15.57 31.27644 121.49689 36.79 -118.01
12 15.57 31.27644 121.4969 36.79 -118.01
12 15.57 31.27643 121.4969 36.79 -118.01
12 15.57 31.27644 121.4969 36.79 -118.01
12 15.57 31.27644 121.4969 36.79 -118.01
13 15.57 31.27644 121.49689 36.79 -118.01
13 15.57 31.27644 121.49689 36.79 -118.01
12 15.57 31.27644 121.49689 36.79 -118.01
13 15.57 31.27644 121.49688 36.79 -118.01
12 15.57 31.27644 121.49688 36.79 -118.01
13 15.57 31.27644 121.49688 36.79 -118.01
12 15.57 31.27644 121.49687 36.79 -118.01
12 15.57 31.27644 121.49687 36.79 -118.01
12 15.57 31.27645 121.49686 36.79 -118.01
12 15.57 31.27645 121.49686 36.79 -118.01
12 15.57 31.27645 121.49686 36.79 -118.01
12 15.57 31.27645 121.49685 36.79 -118.01
12 15.57 31.27645 121.49683 36.79 -118.01
12 15.57 31.27645 121.49682 36.79 -118.01
12 15.57 31.27645 121.49682 36.79 -118.01
12 15.57 31.27645 121.49681 36.79 -118.01
12 15.57 31.27645 121.49679 36.79 -118.01
12 15.57 31.27645 121.49678 36.79 -118.01
12 15.57 31.27645 121.49677 36.79 -118.01
12 15.57 31.27645 121.49676 36.79 -118.01
13 15.57 31.27645 121.49674 36.79 -118.01
12 15.57 31.27645 121.49673 36.79 -118.01
12 15.57 31.27645 121.49672 36.79 -118.01
12 15.57 31.27645 121.49671 36.79 -118.01
12 15.57 31.27645 121.49669 36.79 -118.01
12 15.57 31.27645 121.49668 36.79 -118.01
13 15.57 31.27645 121.49667 36.79 -118.01
12 15.57 31.27645 121.49665 36.79 -118.01
12 15.57 31.27645 121.49664 36.79 -118.01
12 15.57 31.27645 121.49663 36.79 -118.01
12 15.57 31.27645 121.49661 36.79 -118.01
12 15.57 31.27645 121.4966 36.79 -118.01
12 15.57 31.27646 121.49659 36.79 -118.01
12 15.57 31.27646 121.49657 36.79 -118.01
12 15.57 31.27646 121.49656 36.79 -118.01
13 15.57 31.27646 121.49655 36.79 -118.01
12 15.57 31.27647 121.49652 36.79 -118.01
13 15.57 31.27647 121.49651 36.79 -118.01
13 15.57 31.27647 121.49649 36.79 -118.01
13 15.57 31.27647 121.49648 36.79 -118.01
13 15.57 31.27647 121.49647 36.79 -118.01
13 15.57 31.27647 121.49645 36.79 -118.01
13 15.57 31.27647 121.49644 36.79 -118.01
13 15.57 31.27648 121.49641 36.79 -118.01
13 15.57 31.27648 121.49639 36.79 -118.01
13 15.57 31.27648 121.49637 36.79 -118.01
13 15.57 31.27649 121.49627 36.79 -118.01
15 15.58 31.27649 121.49615 36.79 -118.01
13 15.58 31.27649 121.49602 36.79 -118.01
13 15.58 31.27649 121.4959 36.79 -118.01
21 15.58 31.27648 121.49574 36.79 -118.01
30 15.58 31.27649 121.49566 36.79 -118.01
30 15.58 31.27649 121.49552 36.79 -118.01
29 15.58 31.2765 121.49542 36.79 -118.01
30 15.58 31.2765 121.49529 36.79 -118.01
32 15.58 31.27651 121.49516 36.79 -118.01
31 15.58 31.27651 121.49503 36.79 -118.01
32 15.58 31.27652 121.4949 36.79 -118.01
33 15.58 31.27652 121.49477 36.79 -118.01
33 15.58 31.27651 121.49464 36.79 -118.01
30 15.58 31.2765 121.49452 36.79 -118.01
13 15.58 31.27649 121.49438 36.79 -118.01
16 15.58 31.2765 121.49429 36.79 -118.01
12 15.58 31.27649 121.49418 36.79 -118.01
12 15.58 31.27649 121.49408 36.79 -118.01
12 15.58 31.27649 121.49398 36.79 -118.01
14 15.58 31.27648 121.49388 36.79 -118.01
12 15.58 31.27648 121.49378 36.79 -118.01
12 15.58 31.27648 121.49366 36.79 -118.01
12 15.58 31.27649 121.49357 36.79 -118.01
12 15.58 31.27651 121.49347 36.79 -118.01
12 15.58 31.27652 121.49334 36.79 -118.01
11 15.58 31.27652 121.49323 36.79 -118.01
12 15.58 31.27653 121.49313 36.79 -118.01
12 15.58 31.27653 121.49299 36.79 -118.01
11 15.58 31.27654 121.4929 36.79 -118.01
11 15.58 31.27654 121.49279 36.79 -118.01
11 15.58 31.27655 121.49269 36.79 -118.01
11 15.58 31.27655 121.49259 36.79 -118.01
11 15.58 31.27655 121.49248 36.79 -118.01
11 15.58 31.27655 121.49236 36.79 -118.01
12 15.58 31.27655 121.49226 36.79 -118.01
12 15.58 31.27655 121.49215 36.79 -118.01
11 15.58 31.27654 121.49202 36.79 -118.01
11 15.58 31.27654 121.49189 36.79 -118.01
10 15.58 31.27654 121.49174 36.79 -118.01
11 15.58 31.27655 121.49164 36.79 -118.01
11 15.58 31.27655 121.49155 36.79 -118.01
11 15.58 31.27655 121.49142 36.79 -118.01
11 15.58 31.27656 121.49131 36.79 -118.01
11 15.58 31.27656 121.49118 36.79 -118.01
11 15.58 31.27656 121.49109 36.79 -118.01
11 15.58 31.27657 121.49093 36.79 -118.01
12 15.58 31.27657 121.49083 36.79 -118.01
11 15.58 31.27658 121.49069 36.79 -118.01
24 15.58 31.27659 121.49057 36.79 -118.01
25 15.58 31.27659 121.49048 36.79 -118.01
27 15.58 31.27659 121.49037 36.79 -118.01
28 15.58 31.27659 121.49025 36.79 -118.01
29 15.58 31.27659 121.49013 36.79 -118.01
29 15.58 31.27662 121.49003 36.79 -118.01
28 15.58 31.27662 121.4899 36.79 -118.01
11 15.58 31.27662 121.48976 36.79 -118.01
11 15.58 31.27662 121.48966 36.79 -118.01
27 15.58 31.2766 121.48951 36.79 -118.01
26 15.58 31.2766 121.48944 36.79 -118.01
27 15.59 31.27658 121.48933 36.79 -118.01
28 15.59 31.27656 121.48922 36.79 -118.01
30 15.59 31.27656 121.48913 36.79 -118.01
30 15.59 31.27656 121.4891 36.79 -118.01
31 15.59 31.27657 121.48908 36.79 -118.01
30 15.59 31.27657 121.48906 36.79 -118.01
30 15.59 31.27657 121.48905 36.79 -118.01
30 15.59 31.27657 121.48905 36.79 -118.01
30 15.59 31.27657 121.48905 36.79 -118.01
30 15.59 31.27657 121.48905 36.79 -118.01
30 15.59 31.27657 121.48905 36.79 -118.01
30 15.59 31.27657 121.48903 36.79 -118.01
30 15.59 31.27657 121.48902 36.79 -118.01
30 15.59 31.27657 121.489 36.79 -118.01
30 15.59 31.27658 121.48897 36.79 -118.01
30 15.59 31.27658 121.48891 36.79 -118.01
29 15.59 31.27658 121.48884 36.79 -118.01
29 15.59 31.27659 121.48878 36.79 -118.01
29 15.59 31.27659 121.48872 36.79 -118.01
29 15.59 31.27661 121.48865 36.79 -118.01
29 15.59 31.27661 121.48857 36.79 -118.01
28 15.59 31.27661 121.4885 36.79 -118.01
13 15.59 31.27661 121.48843 36.79 -118.01
12 15.59 31.27661 121.48833 36.79 -118.01
12 15.59 31.27661 121.48824 36.79 -118.01
12 15.59 31.27661 121.48816 36.79 -118.01
12 15.59 31.27663 121.48807 36.79 -118.01
12 15.59 31.27663 121.48799 36.79 -118.01
13 15.59 31.27663 121.4879 36.79 -118.01
12 15.59 31.27663 121.48784 36.79 -118.01
12 15.59 31.27663 121.48778 36.79 -118.01
13 15.59 31.27663 121.48775 36.79 -118.01
12 15.59 31.27664 121.48772 36.79 -118.01
12 15.59 31.27663 121.48769 36.79 -118.01
12 15.59 31.27663 121.48767 36.79 -118.01
12 15.59 31.27662 121.48764 36.79 -118.01
12 15.59 31.27662 121.48761 36.79 -118.01
12 15.59 31.27661 121.48754 36.79 -118.01
13 15.59 31.2766 121.48747 36.79 -118.01
12 15.59 31.2766 121.48737 36.79 -118.01
12 15.59 31.27658 121.48728 36.79 -118.01
13 15.59 31.27656 121.48718 36.79 -118.01
13 15.59 31.27655 121.4871 36.79 -118.01
14 15.59 31.27654 121.48703 36.79 -118.01
13 15.59 31.27652 121.48694 36.79 -118.01
14 15.59 31.27651 121.48688 36.79 -118.01
14 15.59 31.27649 121.4868 36.79 -118.01
14 15.59 31.27649 121.48675 36.79 -118.01
13 15.59 31.27648 121.48668 36.79 -118.01
13 15.59 31.27647 121.48664 36.79 -118.01
14 15.59 31.27645 121.48659 36.79 -118.01
14 15.59 31.27645 121.48656 36.79 -118.01
14 15.59 31.27644 121.48651 36.79 -118.01
15 15.59 31.27641 121.48644 36.79 -118.01
14 15.59 31.27639 121.4864 36.79 -118.01
26 15.59 31.27637 121.4863 36.79 -118.01
28 15.59 31.27636 121.48624 36.79 -118.0115 16.0 31.27586 121.48517 24.95 -107.23
15 16.0 31.27581 121.48508 24.95 -107.23
15 16.0 31.27575 121.48496 24.95 -107.23
15 16.0 31.2757 121.48487 24.95 -107.23
15 16.0 31.27566 121.48479 24.95 -107.23
15 16.0 31.27563 121.48473 24.95 -107.23
15 16.0 31.27558 121.48466 24.95 -107.23
15 16.0 31.27557 121.48464 24.95 -107.23
15 16.0 31.27556 121.48463 24.95 -107.23
16 16.0 31.27555 121.48462 24.95 -107.23
15 16.0 31.27555 121.48462 24.95 -107.23
15 16.0 31.27556 121.48462 24.95 -107.23
15 16.0 31.27556 121.48462 24.95 -107.23
15 16.0 31.27556 121.48461 24.95 -107.23
16 16.0 31.27555 121.48461 24.95 -107.23
15 16.0 31.27555 121.48461 24.95 -107.23
14 16.0 31.27555 121.4846 24.95 -107.23
15 16.0 31.27555 121.4846 24.95 -107.23
15 16.0 31.27555 121.4846 24.95 -107.23
15 16.0 31.27556 121.4846 24.95 -107.23
15 16.0 31.27556 121.4846 24.95 -107.23
16 16.0 31.27556 121.4846 24.95 -107.23
15 16.0 31.27556 121.4846 24.95 -107.23
15 16.0 31.27556 121.4846 24.95 -107.23
15 16.0 31.27556 121.4846 24.95 -107.23
15 16.0 31.27556 121.4846 24.95 -107.23
14 16.0 31.27556 121.4846 24.95 -107.23
15 16.0 31.27556 121.4846 24.95 -107.23
15 16.0 31.27555 121.4846 24.95 -107.23
15 16.0 31.27556 121.4846 24.95 -107.23
15 16.0 31.27556 121.4846 24.95 -107.23
15 16.0 31.27556 121.4846 24.95 -107.23
15 16.0 31.27556 121.4846 24.95 -107.23
15 16.0 31.27556 121.48461 24.95 -107.23
15 16.0 31.27557 121.48462 24.95 -107.23
15 16.0 31.27557 121.48462 24.95 -107.23
15 16.0 31.27557 121.48462 24.95 -107.23
15 16.0 31.27557 121.48462 24.95 -107.23
15 16.0 31.27557 121.48462 24.95 -107.23
15 16.01 31.27558 121.48462 24.95 -107.23
15 16.01 31.27558 121.48462 24.95 -107.23
15 16.01 31.27558 121.48462 24.95 -107.23
16 16.01 31.27558 121.48462 24.95 -107.23
15 16.01 31.27558 121.48462 24.95 -107.23
15 16.01 31.27558 121.48462 24.95 -107.23
15 16.01 31.27558 121.48461 24.95 -107.23
15 16.01 31.27557 121.48461 24.95 -107.23
15 16.01 31.27557 121.48461 24.95 -107.23
15 16.01 31.27557 121.48461 24.95 -107.23
16 16.01 31.27557 121.48461 24.95 -107.23
15 16.01 31.27557 121.4846 24.95 -107.23
15 16.01 31.27557 121.4846 24.95 -107.23
15 16.01 31.27557 121.48459 24.95 -107.23
15 16.01 31.27556 121.48459 24.95 -107.23
15 16.01 31.27556 121.48458 24.95 -107.23
15 16.01 31.27556 121.48458 24.95 -107.23
15 16.01 31.27556 121.48457 24.95 -107.23
15 16.01 31.27555 121.48456 24.95 -107.23
16 16.01 31.27554 121.48455 24.95 -107.23
15 16.01 31.27554 121.48454 24.95 -107.23
15 16.01 31.27554 121.48454 24.95 -107.23
15 16.01 31.27553 121.48453 24.95 -107.23
15 16.01 31.27553 121.48452 24.95 -107.23
15 16.01 31.27553 121.48452 24.95 -107.23
15 16.01 31.27552 121.4845 24.95 -107.23
15 16.01 31.27551 121.48449 24.95 -107.23
15 16.01 31.27551 121.48449 24.95 -107.23
15 16.01 31.27551 121.48448 24.95 -107.23
15 16.01 31.2755 121.48447 24.95 -107.23
15 16.01 31.2755 121.48446 24.95 -107.23
15 16.01 31.27549 121.48444 24.95 -107.23
15 16.01 31.27548 121.48443 24.95 -107.23
15 16.01 31.27548 121.48442 24.95 -107.23
16 16.01 31.27547 121.48441 24.95 -107.23
15 16.01 31.27547 121.4844 24.95 -107.23
15 16.01 31.27546 121.48439 24.95 -107.23
16 16.01 31.27546 121.48438 24.95 -107.23
15 16.01 31.27545 121.48436 24.95 -107.23
15 16.01 31.27544 121.48435 24.95 -107.23
16 16.01 31.27544 121.48434 24.95 -107.23
15 16.01 31.27543 121.48433 24.95 -107.23
15 16.01 31.27543 121.48432 24.95 -107.23
15 16.01 31.27542 121.48431 24.95 -107.23
15 16.01 31.27542 121.48431 24.95 -107.23
15 16.01 31.27541 121.4843 24.95 -107.23
16 16.01 31.27541 121.48429 24.95 -107.23
15 16.01 31.27541 121.48428 24.95 -107.23
14 16.01 31.2754 121.48427 24.95 -107.23
15 16.01 31.2754 121.48426 24.95 -107.23
15 16.01 31.27539 121.48425 24.95 -107.23
14 16.01 31.27535 121.48414 24.95 -107.23
15 16.01 31.27532 121.48407 24.95 -107.23
14 16.01 31.27527 121.48394 24.95 -107.23
14 16.01 31.27523 121.48381 24.95 -107.23
13 16.01 31.27519 121.48367 24.95 -107.23
14 16.01 31.27515 121.48354 24.95 -107.23
14 16.01 31.27512 121.4834 24.95 -107.23
14 16.01 31.2751 121.48327 24.95 -107.23
13 16.01 31.27507 121.48308 24.95 -107.23
13 16.01 31.27505 121.48294 24.95 -107.23
13 16.01 31.27504 121.48283 24.95 -107.23
13 16.01 31.27503 121.48271 24.95 -107.23
13 16.01 31.27501 121.48259 24.95 -107.23
13 16.01 31.275 121.48247 24.95 -107.23
13 16.01 31.27499 121.48236 24.95 -107.23
22 16.01 31.27498 121.48224 24.95 -107.23
29 16.01 31.27496 121.48213 24.95 -107.23
27 16.01 31.27495 121.482 24.95 -107.23
26 16.01 31.27496 121.48183 24.95 -107.23
12 16.01 31.27496 121.4817 24.95 -107.23
14 16.01 31.27497 121.48154 24.95 -107.23
26 16.01 31.27498 121.48137 24.95 -107.23
28 16.02 31.27501 121.4812 24.95 -107.23
30 16.02 31.27505 121.48101 24.95 -107.23
31 16.02 31.27507 121.48088 24.95 -107.23
71 16.02 31.27511 121.48071 24.95 -107.23
193 16.02 31.27514 121.48058 24.95 -107.23
90 16.02 31.27517 121.48046 24.95 -107.23
106 16.02 31.2752 121.48032 24.95 -107.23
129 16.02 31.27521 121.4803 24.95 -107.23
427 16.02 31.27521 121.48029 24.95 -107.23
247 16.02 31.27523 121.48019 24.95 -107.23
372 16.02 31.27525 121.4801 24.95 -107.23
341 16.02 31.27528 121.48002 24.95 -107.23 16.02 31.27661 121.47729 24.95 -107.2332 16.02 31.27661 121.47729 24.95 -107.23
35 16.02 31.27664 121.47724 24.95 -107.23
36 16.02 31.2767 121.47711 24.95 -107.23
35 16.02 31.27677 121.47698 24.95 -107.23
33 16.02 31.27683 121.47686 24.95 -107.23
31 16.02 31.2769 121.47675 24.95 -107.23
29 16.02 31.27696 121.47665 24.95 -107.23
25 16.02 31.27701 121.47656 24.95 -107.23
25 16.02 31.27705 121.47648 24.95 -107.23
13 16.02 31.2771 121.47639 24.95 -107.23
13 16.02 31.27715 121.4763 24.95 -107.23
12 16.02 31.27721 121.47622 24.95 -107.23
11 16.02 31.27728 121.47612 24.95 -107.23
12 16.02 31.27734 121.47604 24.95 -107.23
12 16.02 31.2774 121.47595 24.95 -107.23
12 16.02 31.27745 121.47587 24.95 -107.23
12 16.02 31.2775 121.4758 24.95 -107.23
12 16.02 31.27751 121.47577 24.95 -107.23
12 16.02 31.27753 121.47572 24.95 -107.23
12 16.02 31.27755 121.4757 24.95 -107.23
12 16.02 31.27755 121.47568 24.95 -107.23
12 16.02 31.27756 121.47567 24.95 -107.23
12 16.02 31.27756 121.47566 24.95 -107.23
12 16.02 31.27756 121.47569 24.95 -107.23
11 16.02 31.27756 121.47569 24.95 -107.23
12 16.02 31.27756 121.47569 24.95 -107.23
12 16.02 31.27756 121.4757 24.95 -107.23
13 16.02 31.27757 121.47569 24.95 -107.23
12 16.02 31.27752 121.47565 24.95 -107.23
12 16.02 31.27752 121.47565 24.95 -107.23
27 16.02 31.27752 121.47565 24.95 -107.23
12 16.03 31.27752 121.47565 24.95 -107.23
12 16.04 31.27752 121.47565 24.95 -107.23
12 16.04 31.27752 121.47565 24.95 -107.23
12 16.04 31.27753 121.47565 24.95 -107.23
31 16.04 31.27753 121.47565 24.95 -107.23
52 16.04 31.27753 121.47564 24.95 -107.23
66 16.04 31.27753 121.47564 24.95 -107.23
57 16.04 31.27753 121.47564 24.95 -107.23
18 16.04 31.27753 121.47564 24.95 -107.23
48 16.04 31.27753 121.47564 24.95 -107.23
43 16.04 31.27753 121.47563 24.95 -107.23
47 16.04 31.27754 121.47563 24.95 -107.23
12 16.04 31.27754 121.47563 24.95 -107.23
29 16.04 31.27754 121.47563 24.95 -107.23
13 16.04 31.27754 121.47563 24.95 -107.23
22 16.04 31.27754 121.47562 24.95 -107.23
35 16.04 31.27754 121.47562 24.95 -107.23
48 16.04 31.27754 121.47562 24.95 -107.23
41 16.04 31.27754 121.47562 24.95 -107.23
41 16.04 31.27754 121.47562 24.95 -107.23
43 16.04 31.27755 121.47562 24.95 -107.23
53 16.04 31.27755 121.47561 24.95 -107.23
52 16.04 31.27755 121.47561 24.95 -107.23
45 16.04 31.27755 121.47561 24.95 -107.23
54 16.04 31.27755 121.4756 24.95 -107.23
53 16.04 31.27758 121.47557 24.95 -107.23
41 16.04 31.27758 121.47556 24.95 -107.23
43 16.04 31.27758 121.47556 24.95 -107.23
45 16.04 31.27758 121.47556 24.95 -107.23
44 16.04 31.27758 121.47555 24.95 -107.23
47 16.04 31.27759 121.47555 24.95 -107.23
46 16.04 31.27759 121.47555 24.95 -107.23
49 16.04 31.27759 121.47555 24.95 -107.23
53 16.04 31.27759 121.47554 24.95 -107.23
52 16.04 31.27759 121.47554 24.95 -107.23
53 16.04 31.2776 121.47553 24.95 -107.23
66 16.04 31.2776 121.47553 24.95 -107.23
72 16.04 31.27761 121.47552 24.95 -107.23
74 16.04 31.27761 121.47551 24.95 -107.23
73 16.04 31.27761 121.47551 24.95 -107.23
71 16.04 31.27762 121.4755 24.95 -107.23
74 16.04 31.27762 121.47549 24.95 -107.23
73 16.04 31.27763 121.47548 24.95 -107.23
70 16.04 31.27764 121.47547 24.95 -107.23
72 16.04 31.27764 121.47546 24.95 -107.23
71 16.04 31.27764 121.47546 24.95 -107.23
69 16.04 31.27765 121.47544 24.95 -107.23
68 16.04 31.27766 121.47544 24.95 -107.23
64 16.04 31.27766 121.47543 24.95 -107.23
58 16.04 31.27767 121.47542 24.95 -107.23
54 16.04 31.27767 121.47541 24.95 -107.23
51 16.04 31.27768 121.4754 24.95 -107.23
52 16.04 31.27768 121.47539 24.95 -107.23
55 16.04 31.27769 121.47538 24.95 -107.23
59 16.04 31.27769 121.47538 24.95 -107.23
52 16.04 31.2777 121.47537 24.95 -107.23
51 16.04 31.2777 121.47536 24.95 -107.23
62 16.04 31.27771 121.47535 24.95 -107.23
69 16.04 31.27772 121.47534 24.95 -107.23
71 16.04 31.27773 121.47532 24.95 -107.23
75 16.04 31.27773 121.47532 24.95 -107.23
71 16.04 31.27774 121.47531 24.95 -107.23
71 16.04 31.27774 121.4753 24.95 -107.23
71 16.04 31.27774 121.47529 24.95 -107.23
71 16.04 31.27775 121.47529 24.95 -107.23
71 16.04 31.27776 121.47526 24.95 -107.23
71 16.04 31.27777 121.47526 24.95 -107.23
70 16.04 31.27777 121.47525 24.95 -107.23
71 16.04 31.27777 121.47524 24.95 -107.23
90 16.04 31.27778 121.47523 24.95 -107.23
69 16.04 31.27778 121.47523 24.95 -107.23
64 16.04 31.27779 121.47522 24.95 -107.23
68 16.04 31.27779 121.47521 24.95 -107.23
69 16.04 31.2778 121.4752 24.95 -107.23
71 16.04 31.2778 121.4752 24.95 -107.23
83 16.04 31.2778 121.47519 24.95 -107.23
69 16.04 31.27781 121.47518 24.95 -107.23
65 16.04 31.27781 121.47517 24.95 -107.23
71 16.04 31.27781 121.47517 24.95 -107.23
71 16.04 31.27782 121.47516 24.95 -107.23
70 16.04 31.27782 121.47515 24.95 -107.23
68 16.04 31.27783 121.47514 24.95 -107.23
72 16.04 31.27784 121.47512 24.95 -107.23
73 16.04 31.27784 121.47511 24.95 -107.23
70 16.04 31.27785 121.4751 24.95 -107.23
70 16.04 31.27785 121.47509 24.95 -107.23
69 16.04 31.27786 121.47508 24.95 -107.23
69 16.04 31.27787 121.47506 24.95 -107.23
69 16.04 31.27788 121.47505 24.95 -107.23
70 16.04 31.27788 121.47504 24.95 -107.23
69 16.04 31.27789 121.47502 24.95 -107.23
74 16.04 31.2779 121.475 24.95 -107.23
68 16.04 31.27791 121.47499 24.95 -107.23
67 16.04 31.27792 121.47496 24.95 -107.23
69 16.04 31.27793 121.47494 24.95 -107.23
68 16.04 31.27793 121.47493 24.95 -107.23
70 16.04 31.27794 121.47491 24.95 -107.23
72 16.04 31.27795 121.47489 24.95 -107.23
71 16.04 31.27796 121.47488 24.95 -107.23
70 16.04 31.27797 121.47485 24.95 -107.23
59 16.04 31.27798 121.47484 24.95 -107.23
68 16.04 31.27799 121.47482 24.95 -107.23
73 16.04 31.27799 121.47481 24.95 -107.23
71 16.04 31.278 121.47479 24.95 -107.23
90 16.04 31.278 121.47478 24.95 -107.23
13 16.04 31.27802 121.47475 24.95 -107.23
12 16.04 31.27802 121.47474 24.95 -107.23
25 16.04 31.27803 121.47473 24.95 -107.23
70 16.04 31.27803 121.47471 24.95 -107.23
63 16.04 31.27804 121.4747 24.95 -107.23
30 16.04 31.27805 121.47469 24.95 -107.23
57 16.04 31.27805 121.47467 24.95 -107.23
11 16.04 31.27806 121.47466 24.95 -107.23
24 16.04 31.2781 121.47455 24.95 -107.23
25 16.04 31.27815 121.47443 24.95 -107.23
31 16.04 31.27821 121.47428 24.95 -107.23
35 16.04 31.27827 121.47413 24.95 -107.23
22 16.04 31.27833 121.47397 24.95 -107.23
10 16.04 31.27836 121.47388 24.95 -107.23
17 16.04 31.2784 121.47375 24.95 -107.23
49 16.04 31.27844 121.47364 24.95 -107.23
47 16.04 31.27848 121.47352 24.95 -107.23
24 16.05 31.27853 121.47339 24.95 -107.23
21 16.05 31.27856 121.4733 24.95 -107.23
21 16.05 31.27858 121.47322 24.95 -107.23
31 16.05 31.27861 121.47314 24.95 -107.23
24 16.05 31.27864 121.47307 24.95 -107.23
33 16.05 31.27866 121.47301 24.95 -107.23
55 16.05 31.27867 121.47297 24.95 -107.23
52 16.05 31.2787 121.47286 24.95 -107.23
72 16.05 31.27871 121.47285 24.95 -107.23
68 16.05 31.27871 121.47285 24.95 -107.23
59 16.05 31.27871 121.47285 24.95 -107.23
62 16.05 31.27871 121.47285 24.95 -107.23
60 16.05 31.27871 121.47284 24.95 -107.23
64 16.05 31.27876 121.47271 24.95 -107.23
71 16.05 31.27878 121.47264 24.95 -107.23
67 16.05 31.2788 121.47258 24.95 -107.23
81 16.05 31.27883 121.47249 24.95 -107.23
26 16.05 31.27887 121.47238 24.95 -107.23
25 16.05 31.27891 121.47227 24.95 -107.23
24 16.05 31.27894 121.47219 24.95 -107.23
10 16.05 31.27898 121.47205 24.95 -107.23
9 16.05 31.27903 121.47192 24.95 -107.23
20 16.05 31.27907 121.47179 24.95 -107.23
12 16.05 31.27913 121.47163 24.95 -107.23
10 16.05 31.27917 121.4715 24.95 -107.23
8 16.05 31.27921 121.47138 24.95 -107.23
3 16.05 31.27927 121.47121 24.95 -107.23
33 16.05 31.27933 121.47104 24.95 -107.23
11 16.05 31.27939 121.4709 24.95 -107.23
13 16.05 31.27942 121.47079 24.95 -107.23
10 16.05 31.27947 121.47066 24.95 -107.23
10 16.05 31.27951 121.47054 24.95 -107.23
0 16.05 31.27955 121.47042 24.95 -107.23
31 16.05 31.27958 121.47033 24.95 -107.23
113 16.05 31.27963 121.47019 24.95 -107.23
65 16.05 31.27967 121.47008 24.95 -107.23
86 16.05 31.27971 121.46993 24.95 -107.23
44 16.05 31.27975 121.46981 24.95 -107.23
31 16.05 31.27979 121.4697 24.95 -107.23
70 16.05 31.27982 121.46957 24.95 -107.23
76 16.05 31.27985 121.46945 24.95 -107.23
74 16.05 31.27988 121.46931 24.95 -107.23
79 16.05 31.27989 121.46923 24.95 -107.23
45 16.05 31.27991 121.46912 24.95 -107.23
81 16.05 31.27993 121.46899 24.95 -107.23
53 16.05 31.27995 121.46887 24.95 -107.23
31 16.05 31.27996 121.46875 24.95 -107.23
32 16.05 31.27997 121.46869 24.95 -107.23
31 16.05 31.27998 121.46858 24.95 -107.23
30 16.05 31.27999 121.46851 24.95 -107.23
31 16.05 31.27999 121.46842 24.95 -107.23
32 16.05 31.28 121.4683 24.95 -107.23
32 16.05 31.28001 121.46822 24.95 -107.23
32 16.05 31.28002 121.46814 24.95 -107.23
32 16.05 31.28003 121.46804 24.95 -107.23
29 16.05 31.28004 121.46792 24.95 -107.23
14 16.05 31.28005 121.46781 24.95 -107.23
15 16.05 31.28006 121.46769 24.95 -107.23
31 16.05 31.28007 121.46756 24.95 -107.23
34 16.05 31.28008 121.46744 24.95 -107.23
14 16.06 31.28009 121.46728 24.95 -107.23
30 16.06 31.2801 121.46718 24.95 -107.23
30 16.06 31.28011 121.46705 24.95 -107.23
30 16.06 31.28013 121.4669 24.95 -107.23
28 16.06 31.28014 121.46678 24.95 -107.23
15 16.06 31.28015 121.46667 24.95 -107.23
14 16.06 31.28015 121.46657 24.95 -107.23
13 16.06 31.28016 121.46645 24.95 -107.23
14 16.06 31.28017 121.46634 24.95 -107.23
13 16.06 31.28019 121.46618 24.95 -107.23
15 16.06 31.28019 121.4661 24.95 -107.23
18 16.06 31.2802 121.46597 24.95 -107.23
14 16.06 31.28021 121.46585 24.95 -107.23
14 16.06 31.28023 121.46572 24.95 -107.23
18 16.06 31.28023 121.46562 24.95 -107.23
14 16.06 31.28024 121.46553 24.95 -107.23
13 16.06 31.28025 121.46543 24.95 -107.23
13 16.06 31.28026 121.46531 24.95 -107.23
13 16.06 31.28027 121.46517 24.95 -107.23
14 16.06 31.28027 121.46505 24.95 -107.23
14 16.06 31.28027 121.46491 24.95 -107.23
20 16.06 31.28027 121.46477 24.95 -107.23
23 16.06 31.28026 121.46461 24.95 -107.23
24 16.06 31.28025 121.46449 24.95 -107.23
14 16.06 31.28025 121.46436 24.95 -107.23
18 16.06 31.28023 121.46414 24.95 -107.23
16 16.06 31.28021 121.46402 24.95 -107.23
15 16.06 31.28019 121.46384 24.95 -107.23
20 16.06 31.28018 121.46372 24.95 -107.23
39 16.06 31.28016 121.46357 24.95 -107.23
64 16.06 31.28013 121.46343 24.95 -107.23
91 16.06 31.2801 121.46326 24.95 -107.23
0 16.06 31.28008 121.46312 24.95 -107.23
16 16.06 31.28006 121.463 24.95 -107.23
23 16.06 31.28003 121.46282 24.95 -107.23
22 16.06 31.28001 121.46271 24.95 -107.23
22 16.06 31.27998 121.46258 24.95 -107.23
15 16.06 31.27995 121.46241 24.95 -107.23
18 16.06 31.27992 121.46227 24.95 -107.23
12 16.06 31.27991 121.46218 24.95 -107.23
15 16.06 31.27987 121.46199 24.95 -107.23
71 16.06 31.27986 121.46188 24.95 -107.23
14 16.06 31.27984 121.46177 24.95 -107.23
14 16.06 31.27981 121.46163 24.95 -107.23
15 16.06 31.27979 121.46147 24.95 -107.23
36 16.06 31.27976 121.46134 24.95 -107.23
26 16.06 31.27973 121.46119 24.95 -107.23
37 16.06 31.2797 121.46103 24.95 -107.23
31 16.06 31.27967 121.46083 24.95 -107.23
17 16.06 31.27963 121.46064 24.95 -107.23
12 16.06 31.27962 121.46051 24.95 -107.23
38 16.06 31.27961 121.46034 24.95 -107.23
77 16.06 31.27959 121.46017 24.95 -107.23
55 16.06 31.27958 121.46001 24.95 -107.23
81 16.06 31.27957 121.45981 24.95 -107.23
108 16.06 31.27957 121.45967 24.95 -107.23
111 16.06 31.27957 121.45955 24.95 -107.23
24 16.06 31.27956 121.45942 24.95 -107.23
49 16.06 31.27956 121.45931 24.95 -107.23
14 16.06 31.27956 121.45921 24.95 -107.23
13 16.07 31.27956 121.45916 24.95 -107.23
13 16.07 31.27956 121.4591 24.95 -107.23
14 16.07 31.27956 121.45905 24.95 -107.23
14 16.07 31.27956 121.45901 24.95 -107.23
13 16.07 31.27956 121.459 24.95 -107.23
14 16.07 31.27956 121.459 24.95 -107.23
14 16.07 31.27956 121.459 24.95 -107.23
14 16.07 31.27956 121.45899 24.95 -107.23
14 16.07 31.27956 121.45899 24.95 -107.23
14 16.07 31.27956 121.45899 24.95 -107.23
14 16.07 31.27956 121.45899 24.95 -107.23
14 16.08 31.27956 121.45898 24.95 -107.23
13 16.08 31.27956 121.45898 24.95 -107.23
14 16.09 31.27956 121.45898 24.95 -107.23
14 16.09 31.27956 121.45898 24.95 -107.23
14 16.09 31.27956 121.45898 24.95 -107.23
15 16.09 31.27956 121.45898 24.95 -107.23
14 16.09 31.27956 121.45898 24.95 -107.23
13 16.09 31.27955 121.45897 24.95 -107.23
14 16.09 31.27955 121.45897 24.95 -107.23
14 16.09 31.27955 121.45896 24.95 -107.23
13 16.09 31.27955 121.45896 24.95 -107.23
14 16.09 31.27955 121.45895 24.95 -107.23
14 16.09 31.27955 121.45895 24.95 -107.23
14 16.09 31.27955 121.45894 24.95 -107.23
14 16.09 31.27955 121.45894 24.95 -107.23
14 16.09 31.27955 121.45893 24.95 -107.23
14 16.09 31.27955 121.45892 24.95 -107.23
14 16.09 31.27955 121.45891 24.95 -107.23
14 16.09 31.27955 121.4589 24.95 -107.23
15 16.09 31.27955 121.45889 24.95 -107.23
14 16.09 31.27955 121.45888 24.95 -107.23
14 16.09 31.27955 121.45887 24.95 -107.23
13 16.09 31.27955 121.45886 24.95 -107.23
14 16.09 31.27955 121.45885 24.95 -107.23
14 16.09 31.27955 121.45884 24.95 -107.23
14 16.09 31.27955 121.45882 24.95 -107.23
14 16.09 31.27955 121.45881 24.95 -107.23
13 16.09 31.27955 121.4588 24.95 -107.23
14 16.09 31.27955 121.45879 24.95 -107.23
14 16.09 31.27955 121.45878 24.95 -107.23
14 16.09 31.27955 121.45877 24.95 -107.23
14 16.09 31.27955 121.45876 24.95 -107.23
14 16.09 31.27955 121.45875 24.95 -107.23
14 16.09 31.27955 121.45874 24.95 -107.23
13 16.09 31.27955 121.45873 24.95 -107.23
14 16.09 31.27955 121.45867 24.95 -107.23
14 16.09 31.27955 121.45865 24.95 -107.23
14 16.09 31.27955 121.45863 24.95 -107.23
14 16.09 31.27955 121.45861 24.95 -107.23
14 16.09 31.27955 121.4586 24.95 -107.23
14 16.09 31.27955 121.45859 24.95 -107.23
14 16.09 31.27955 121.45857 24.95 -107.23
13 16.09 31.27955 121.45855 24.95 -107.23
14 16.09 31.27955 121.45854 24.95 -107.23
14 16.09 31.27955 121.45853 24.95 -107.23
14 16.09 31.27955 121.45851 24.95 -107.23
14 16.09 31.27955 121.4585 24.95 -107.23
14 16.09 31.27955 121.45849 24.95 -107.23
14 16.09 31.27955 121.45847 24.95 -107.23
14 16.09 31.27955 121.45846 24.95 -107.23
14 16.09 31.27955 121.45844 24.95 -107.23
14 16.09 31.27955 121.45842 24.95 -107.23
14 16.09 31.27955 121.45841 24.95 -107.23
14 16.09 31.27955 121.4584 24.95 -107.23
14 16.09 31.27954 121.45837 24.95 -107.23
14 16.09 31.27954 121.45835 24.95 -107.23
14 16.09 31.27954 121.45832 24.95 -107.23
14 16.09 31.27954 121.45831 24.95 -107.23
14 16.09 31.27954 121.4583 24.95 -107.23
13 16.09 31.27954 121.45828 24.95 -107.23
14 16.09 31.27954 121.45827 24.95 -107.23
15 16.09 31.27954 121.45825 24.95 -107.23
14 16.09 31.27954 121.45824 24.95 -107.23
14 16.09 31.27954 121.45823 24.95 -107.23
14 16.09 31.27954 121.45821 24.95 -107.23
14 16.09 31.27954 121.4582 24.95 -107.23
14 16.09 31.27954 121.45819 24.95 -107.23
14 16.09 31.27954 121.45817 24.95 -107.23
14 16.09 31.27954 121.45816 24.95 -107.23
14 16.09 31.27954 121.45815 24.95 -107.23
13 16.09 31.27954 121.45813 24.95 -107.23
14 16.09 31.27954 121.45812 24.95 -107.23
14 16.09 31.27954 121.4581 24.95 -107.23
14 16.09 31.27954 121.45808 24.95 -107.23
14 16.09 31.27954 121.45807 24.95 -107.23
14 16.09 31.27953 121.45804 24.95 -107.23
14 16.09 31.27953 121.45801 24.95 -107.23
14 16.09 31.27953 121.45797 24.95 -107.23
14 16.09 31.27953 121.45794 24.95 -107.23
14 16.09 31.27953 121.4579 24.95 -107.23
14 16.09 31.27953 121.45786 24.95 -107.23
14 16.09 31.27953 121.45785 24.95 -107.23
14 16.09 31.27953 121.45783 24.95 -107.23
15 16.09 31.27953 121.45781 24.95 -107.23
14 16.09 31.27953 121.4578 24.95 -107.23
14 16.09 31.27953 121.45778 24.95 -107.23
14 16.09 31.27953 121.45775 24.95 -107.23
14 16.09 31.27953 121.45772 24.95 -107.23
14 16.09 31.27953 121.4577 24.95 -107.23
14 16.09 31.27952 121.45769 24.95 -107.23
14 16.09 31.27952 121.45766 24.95 -107.23
14 16.09 31.27952 121.45762 24.95 -107.23
14 16.09 31.27952 121.4576 24.95 -107.23
14 16.09 31.27952 121.45759 24.95 -107.23
14 16.09 31.27952 121.45756 24.95 -107.23
14 16.09 31.27952 121.45752 24.95 -107.23
14 16.09 31.27952 121.45751 24.95 -107.23
14 16.09 31.27952 121.45749 24.95 -107.23
14 16.09 31.27952 121.45747 24.95 -107.23
14 16.09 31.27952 121.45744 24.95 -107.23
14 16.09 31.27952 121.45742 24.95 -107.23
14 16.09 31.27952 121.4574 24.95 -107.23
14 16.09 31.27952 121.45739 24.95 -107.23
14 16.09 31.27951 121.45735 24.95 -107.23
14 16.09 31.27951 121.45733 24.95 -107.23
14 16.09 31.27951 121.45732 24.95 -107.23
14 16.09 31.27951 121.45727 24.95 -107.23
14 16.09 31.27951 121.45725 24.95 -107.23
14 16.09 31.27951 121.45723 24.95 -107.23
14 16.09 31.27951 121.45721 24.95 -107.23
14 16.09 31.27951 121.4572 24.95 -107.23
14 16.09 31.27951 121.45716 24.95 -107.23
14 16.09 31.27951 121.45713 24.95 -107.23
13 16.09 31.27951 121.45709 24.95 -107.2360 16.09 31.27956 121.45517 24.95 -107.23
38 16.09 31.27955 121.45499 24.95 -107.23
43 16.09 31.27954 121.45482 24.95 -107.23
88 16.09 31.27953 121.45465 24.95 -107.23
82 16.09 31.27953 121.45444 24.95 -107.23
107 16.09 31.27953 121.4543 24.95 -107.23
105 16.09 31.27952 121.45409 24.95 -107.23
91 16.09 31.27952 121.45397 24.95 -107.23
110 16.09 31.27953 121.45377 24.95 -107.23
116 16.09 31.27953 121.45367 24.95 -107.23
118 16.09 31.27952 121.45355 24.95 -107.23
121 16.09 31.27952 121.45348 24.95 -107.23
104 16.09 31.27952 121.45341 24.95 -107.23
118 16.09 31.27953 121.45335 24.95 -107.23
116 16.09 31.27952 121.45332 24.95 -107.23
114 16.09 31.27952 121.45329 24.95 -107.23
122 16.09 31.27952 121.45328 24.95 -107.23174 16.1 31.27947 121.45325 24.95 -107.23
147 16.1 31.27946 121.45325 24.95 -107.23
143 16.1 31.27946 121.45325 24.95 -107.23
139 16.1 31.27946 121.45325 24.95 -107.23
130 16.1 31.27946 121.45325 24.95 -107.23
133 16.1 31.27945 121.45325 24.95 -107.23
129 16.1 31.27945 121.45325 24.95 -107.23
131 16.1 31.27945 121.45325 24.95 -107.23
8 16.1 31.27945 121.45325 24.95 -107.23
158 16.1 31.27945 121.45325 24.95 -107.23
139 16.1 31.27945 121.45325 24.95 -107.23
127 16.1 31.27945 121.45325 24.95 -107.23
130 16.1 31.27945 121.45325 24.95 -107.23
127 16.1 31.27945 121.45325 24.95 -107.23
124 16.1 31.27945 121.45325 24.95 -107.23
123 16.1 31.27945 121.45325 24.95 -107.23
121 16.1 31.27945 121.45325 24.95 -107.23
122 16.1 31.27945 121.45324 24.95 -107.23
122 16.1 31.27945 121.45324 24.95 -107.23
121 16.1 31.27945 121.45324 24.95 -107.23
119 16.1 31.27945 121.45324 24.95 -107.23
120 16.1 31.27945 121.45324 24.95 -107.23
120 16.1 31.27945 121.45324 24.95 -107.23
121 16.1 31.27945 121.45324 24.95 -107.23
120 16.1 31.27945 121.45324 24.95 -107.23
121 16.1 31.27945 121.45324 24.95 -107.23
120 16.1 31.27945 121.45323 24.95 -107.23
120 16.1 31.27945 121.45323 24.95 -107.23
120 16.1 31.27945 121.45322 24.95 -107.23
111 16.1 31.27945 121.45322 24.95 -107.23
123 16.1 31.27945 121.45321 24.95 -107.23
119 16.1 31.27945 121.45321 24.95 -107.23
120 16.1 31.27945 121.45321 24.95 -107.23
115 16.1 31.27945 121.4532 24.95 -107.23
101 16.1 31.27945 121.4532 24.95 -107.23
124 16.1 31.27945 121.45319 24.95 -107.23
92 16.1 31.27945 121.45318 24.95 -107.23
108 16.1 31.27945 121.45318 24.95 -107.23
126 16.1 31.27945 121.45317 24.95 -107.23
140 16.1 31.27945 121.45316 24.95 -107.23
135 16.1 31.27945 121.45315 24.95 -107.23
145 16.1 31.27945 121.45313 24.95 -107.23
147 16.1 31.27945 121.45305 24.95 -107.23
142 16.1 31.27944 121.45297 24.95 -107.23
139 16.1 31.27944 121.45289 24.95 -107.23
139 16.1 31.27944 121.45281 24.95 -107.23
145 16.1 31.27944 121.45274 24.95 -107.23
144 16.1 31.27944 121.45267 24.95 -107.23
144 16.1 31.27944 121.45258 24.95 -107.23
124 16.1 31.27944 121.45252 24.95 -107.23
143 16.1 31.27944 121.45248 24.95 -107.23
122 16.1 31.27943 121.45242 24.95 -107.23
122 16.1 31.27943 121.45235 24.95 -107.23
131 16.1 31.27943 121.45226 24.95 -107.23
48 16.1 31.27943 121.45224 24.95 -107.23
89 16.1 31.27942 121.45223 24.95 -107.23
101 16.1 31.2794 121.4522 24.95 -107.23
38 16.11 31.27931 121.4521 24.95 -107.23
35 16.11 31.27927 121.45205 24.95 -107.23
7 16.11 31.27924 121.45201 24.95 -107.23
73 16.11 31.2794 121.45169 24.95 -107.23
105 16.11 31.27941 121.45157 24.95 -107.23
109 16.11 31.2794 121.45148 24.95 -107.23
127 16.11 31.2794 121.45135 24.95 -107.23
74 16.11 31.2794 121.45126 24.95 -107.23
79 16.11 31.27939 121.45116 24.95 -107.23
106 16.11 31.27939 121.45105 24.95 -107.23
103 16.11 31.27939 121.45092 24.95 -107.23
49 16.11 31.27938 121.45077 24.95 -107.23
93 16.11 31.27938 121.45069 24.95 -107.23
115 16.11 31.27938 121.45056 24.95 -107.23
19 16.11 31.27938 121.45044 24.95 -107.23
67 16.11 31.27937 121.4503 24.95 -107.23
62 16.11 31.27937 121.45021 24.95 -107.23
69 16.11 31.27937 121.45011 24.95 -107.23
32 16.11 31.27937 121.45001 24.95 -107.23
18 16.11 31.27936 121.44993 24.95 -107.23
29 16.11 31.27936 121.44982 24.95 -107.23
29 16.11 31.27936 121.44975 24.95 -107.23
21 16.11 31.27936 121.44968 24.95 -107.23
16 16.11 31.27936 121.44963 24.95 -107.23
16 16.11 31.27936 121.44957 24.95 -107.23
16 16.11 31.27936 121.44954 24.95 -107.23
16 16.11 31.27935 121.44949 24.95 -107.23
16 16.11 31.27935 121.44944 24.95 -107.23
18 16.11 31.27935 121.4494 24.95 -107.23
29 16.11 31.27935 121.44936 24.95 -107.23
37 16.11 31.27935 121.44931 24.95 -107.23
67 16.11 31.27935 121.44925 24.95 -107.23
53 16.11 31.27935 121.44916 24.95 -107.23
103 16.11 31.27935 121.44908 24.95 -107.23
110 16.11 31.27935 121.44896 24.95 -107.23
117 16.11 31.27935 121.44892 24.95 -107.23
125 16.11 31.27935 121.44883 24.95 -107.23
109 16.11 31.27935 121.44872 24.95 -107.23
124 16.11 31.27935 121.44865 24.95 -107.23
138 16.11 31.27934 121.44857 24.95 -107.23
138 16.11 31.27934 121.44849 24.95 -107.23
134 16.11 31.27934 121.44837 24.95 -107.23
139 16.11 31.27934 121.44832 24.95 -107.23
147 16.11 31.27934 121.44826 24.95 -107.23
131 16.11 31.27934 121.44817 24.95 -107.23
124 16.11 31.27934 121.4481 24.95 -107.23
129 16.11 31.27934 121.44798 24.95 -107.23
145 16.11 31.27934 121.44793 24.95 -107.23
58 16.11 31.27934 121.44784 24.95 -107.23
106 16.11 31.27934 121.44783 24.95 -107.23
102 16.11 31.27934 121.44777 24.95 -107.23
115 16.11 31.27933 121.44772 24.95 -107.23
125 16.11 31.27933 121.4477 24.95 -107.23
125 16.11 31.27933 121.44767 24.95 -107.23
117 16.11 31.27933 121.44764 24.95 -107.23
118 16.11 31.27933 121.44764 24.95 -107.23
105 16.11 31.27933 121.44764 24.95 -107.23
116 16.11 31.27933 121.44763 24.95 -107.23