168 16.12 31.27933 121.44762 24.95 -107.23
0 16.12 31.27932 121.44762 24.95 -107.23
106 16.12 31.27932 121.44762 24.95 -107.23
150 16.12 31.27932 121.44762 24.95 -107.23
157 16.12 31.27932 121.44761 24.95 -107.23
153 16.12 31.27934 121.44761 24.95 -107.23
152 16.12 31.27934 121.44761 24.95 -107.23
145 16.12 31.27932 121.44761 24.95 -107.23
149 16.12 31.27932 121.44761 24.95 -107.23
143 16.12 31.27932 121.4476 24.95 -107.23
140 16.12 31.27932 121.4476 24.95 -107.23
141 16.12 31.27932 121.44759 24.95 -107.23
137 16.12 31.27932 121.44759 24.95 -107.23
138 16.12 31.27932 121.44759 24.95 -107.23
138 16.12 31.27932 121.44759 24.95 -107.23
133 16.12 31.27932 121.44759 24.95 -107.23
131 16.12 31.27932 121.44758 24.95 -107.23
131 16.12 31.27932 121.44758 24.95 -107.23
131 16.12 31.27932 121.44758 24.95 -107.23
132 16.12 31.27932 121.44758 24.95 -107.23
131 16.12 31.27932 121.44758 24.95 -107.23
129 16.12 31.27932 121.44758 24.95 -107.23
87 16.12 31.27932 121.44758 24.95 -107.23
153 16.12 31.27932 121.44758 24.95 -107.23
91 16.12 31.27932 121.44758 24.95 -107.23
96 16.12 31.27932 121.44758 24.95 -107.23
125 16.12 31.27932 121.44758 24.95 -107.23
132 16.12 31.27932 121.44758 24.95 -107.23
133 16.12 31.27932 121.44758 24.95 -107.23
134 16.12 31.27932 121.44758 24.95 -107.23
135 16.13 31.27932 121.44758 24.95 -107.23
131 16.13 31.27932 121.44758 24.95 -107.23
128 16.13 31.27932 121.44758 24.95 -107.23
127 16.13 31.27932 121.44757 24.95 -107.23
130 16.13 31.27932 121.44757 24.95 -107.23
127 16.13 31.27932 121.44757 24.95 -107.23
123 16.13 31.27932 121.44757 24.95 -107.23
123 16.13 31.27932 121.44757 24.95 -107.23
128 16.13 31.27932 121.44757 24.95 -107.23
121 16.13 31.27932 121.44756 24.95 -107.23
121 16.13 31.27932 121.44756 24.95 -107.23
120 16.13 31.27932 121.44755 24.95 -107.23
123 16.13 31.27932 121.44755 24.95 -107.23
139 16.13 31.27932 121.44754 24.95 -107.23
115 16.13 31.27932 121.44754 24.95 -107.23
114 16.13 31.27932 121.44753 24.95 -107.23
117 16.13 31.27932 121.44753 24.95 -107.23
120 16.13 31.27932 121.44752 24.95 -107.23
88 16.13 31.27932 121.44752 24.95 -107.23
92 16.13 31.27932 121.44751 24.95 -107.23
139 16.13 31.27932 121.44751 24.95 -107.23193 16.14 31.27937 121.4488 24.95 -107.23
250 16.14 31.27936 121.44901 24.95 -107.23
238 16.14 31.27936 121.44912 24.95 -107.23
236 16.14 31.27934 121.44938 24.95 -107.23
0 16.14 31.27932 121.44949 24.95 -107.23
192 16.14 31.27933 121.44964 24.95 -107.23
156 16.14 31.27933 121.44982 24.95 -107.23
279 16.14 31.27933 121.45005 24.95 -107.23
140 16.14 31.27934 121.45022 24.95 -107.23
316 16.14 31.27934 121.45036 24.95 -107.23
208 16.14 31.27934 121.45056 24.95 -107.23
211 16.14 31.27935 121.45074 24.95 -107.23
214 16.14 31.27935 121.45093 24.95 -107.23
355 16.14 31.27936 121.45106 24.95 -107.23
37 16.14 31.27936 121.45121 24.95 -107.23
55 16.14 31.27937 121.45136 24.95 -107.23
77 16.14 31.27935 121.45151 24.95 -107.23
5 16.14 31.27934 121.45163 24.95 -107.23
147 16.14 31.27935 121.45178 24.95 -107.23
171 16.14 31.27936 121.45198 24.95 -107.23
339 16.14 31.27936 121.45207 24.95 -107.23
209 16.14 31.27937 121.45225 24.95 -107.23
124 16.14 31.27938 121.45238 24.95 -107.23
234 16.14 31.27939 121.4525 24.95 -107.23
199 16.14 31.27924 121.45263 24.95 -107.23
205 16.14 31.27925 121.45276 24.95 -107.23
135 16.14 31.27925 121.4529 24.95 -107.23
39 16.14 31.27925 121.45309 24.95 -107.23
37 16.14 31.27926 121.45324 24.95 -107.23
37 16.14 31.27926 121.4534 24.95 -107.23
38 16.14 31.27926 121.45358 24.95 -107.23
37 16.14 31.27927 121.45374 24.95 -107.23
36 16.14 31.27927 121.45384 24.95 -107.23
37 16.14 31.27927 121.45392 24.95 -107.23
37 16.14 31.27927 121.45401 24.95 -107.23
36 16.14 31.27927 121.45406 24.95 -107.23
37 16.14 31.27928 121.45415 24.95 -107.23
36 16.14 31.27928 121.45419 24.95 -107.23
36 16.14 31.27928 121.45425 24.95 -107.23
36 16.14 31.27928 121.45431 24.95 -107.23
37 16.14 31.27928 121.45438 24.95 -107.23
37 16.14 31.27928 121.45441 24.95 -107.23
37 16.14 31.27928 121.45446 24.95 -107.23
37 16.14 31.27928 121.45451 24.95 -107.23
37 16.14 31.27929 121.45454 24.95 -107.23
37 16.14 31.27929 121.45457 24.95 -107.23
38 16.14 31.27929 121.45459 24.95 -107.23
37 16.15 31.27929 121.45462 24.95 -107.23
37 16.15 31.27929 121.45464 24.95 -107.23
36 16.15 31.27929 121.45465 24.95 -107.23
36 16.16 31.27929 121.45465 24.95 -107.23
36 16.16 31.27929 121.45465 24.95 -107.23
37 16.16 31.27929 121.45465 24.95 -107.23
36 16.16 31.27929 121.45465 24.95 -107.23
37 16.16 31.27929 121.45465 24.95 -107.23
37 16.16 31.27929 121.45465 24.95 -107.23
38 16.16 31.27929 121.45465 24.95 -107.23
37 16.16 31.27929 121.45465 24.95 -107.23
38 16.16 31.27929 121.45465 24.95 -107.23
37 16.16 31.27929 121.45466 24.95 -107.23
37 16.16 31.27929 121.45466 24.95 -107.23
37 16.16 31.27929 121.45466 24.95 -107.23
37 16.16 31.27929 121.45467 24.95 -107.23
37 16.16 31.27929 121.45467 24.95 -107.23
37 16.16 31.27929 121.45468 24.95 -107.23
37 16.16 31.27929 121.45469 24.95 -107.23
37 16.16 31.27929 121.4547 24.95 -107.23
37 16.16 31.27929 121.4547 24.95 -107.23
37 16.16 31.27929 121.45471 24.95 -107.23
38 16.16 31.27929 121.45471 24.95 -107.23
37 16.16 31.27929 121.45472 24.95 -107.23
37 16.16 31.27929 121.45473 24.95 -107.23
37 16.16 31.27929 121.45473 24.95 -107.23
38 16.16 31.27929 121.45474 24.95 -107.23
37 16.16 31.27929 121.45475 24.95 -107.23
37 16.16 31.27929 121.45475 24.95 -107.23
37 16.16 31.27929 121.45476 24.95 -107.23
37 16.16 31.27929 121.45477 24.95 -107.23
37 16.16 31.27929 121.45478 24.95 -107.23
37 16.16 31.27929 121.45479 24.95 -107.23
37 16.16 31.27929 121.45479 24.95 -107.23
38 16.16 31.27929 121.4548 24.95 -107.23
37 16.16 31.27929 121.45481 24.95 -107.23
38 16.16 31.27929 121.45482 24.95 -107.23
37 16.16 31.27929 121.45483 24.95 -107.23
37 16.16 31.27929 121.45484 24.95 -107.23
38 16.16 31.27929 121.45486 24.95 -107.23
37 16.16 31.27929 121.45487 24.95 -107.23
37 16.16 31.27929 121.45488 24.95 -107.23
37 16.16 31.27929 121.45488 24.95 -107.23
37 16.16 31.27929 121.45489 24.95 -107.23
38 16.16 31.27929 121.4549 24.95 -107.23
38 16.16 31.27929 121.45491 24.95 -107.23
38 16.16 31.27929 121.45492 24.95 -107.23
38 16.16 31.27929 121.45493 24.95 -107.23
38 16.16 31.27929 121.45495 24.95 -107.23
38 16.16 31.27929 121.45496 24.95 -107.23
38 16.16 31.27929 121.45498 24.95 -107.23
38 16.16 31.27929 121.45499 24.95 -107.23
38 16.16 31.2793 121.455 24.95 -107.23
38 16.16 31.2793 121.45501 24.95 -107.23
38 16.16 31.2793 121.45503 24.95 -107.23
38 16.16 31.2793 121.45504 24.95 -107.23
38 16.16 31.2793 121.45505 24.95 -107.23
38 16.16 31.2793 121.45506 24.95 -107.23
37 16.16 31.2793 121.45507 24.95 -107.23
38 16.16 31.2793 121.45508 24.95 -107.23
37 16.16 31.2793 121.45509 24.95 -107.23
38 16.16 31.2793 121.4551 24.95 -107.23
37 16.16 31.2793 121.45511 24.95 -107.23
37 16.16 31.2793 121.45512 24.95 -107.23
37 16.16 31.2793 121.45514 24.95 -107.23
37 16.16 31.2793 121.45516 24.95 -107.23
38 16.16 31.2793 121.45517 24.95 -107.23
38 16.16 31.2793 121.45519 24.95 -107.23
37 16.16 31.2793 121.4552 24.95 -107.23
37 16.16 31.2793 121.4552 24.95 -107.23
35 16.16 31.2793 121.45521 24.95 -107.23
122 16.16 31.2793 121.45522 24.95 -107.23
62 16.16 31.2793 121.45523 24.95 -107.23
59 16.16 31.2793 121.45524 24.95 -107.23
73 16.16 31.2793 121.45525 24.95 -107.23
119 16.16 31.2793 121.45526 24.95 -107.23
149 16.16 31.2793 121.45532 24.95 -107.23
78 16.16 31.2793 121.45543 24.95 -107.23
39 16.16 31.2793 121.45554 24.95 -107.23
57 16.16 31.2793 121.45565 24.95 -107.23
92 16.16 31.27931 121.45577 24.95 -107.23
136 16.16 31.27931 121.45589 24.95 -107.23
105 16.16 31.27931 121.45603 24.95 -107.23
134 16.16 31.27931 121.45613 24.95 -107.23
134 16.16 31.27931 121.45624 24.95 -107.23
144 16.16 31.27931 121.45634 24.95 -107.23
157 16.16 31.27931 121.45641 24.95 -107.23
133 16.16 31.27931 121.45653 24.95 -107.23
157 16.16 31.27931 121.45664 24.95 -107.23
132 16.16 31.27932 121.45677 24.95 -107.23
170 16.16 31.27932 121.45686 24.95 -107.23
128 16.16 31.27932 121.45699 24.95 -107.23
142 16.16 31.27932 121.45715 24.95 -107.23
58 16.16 31.27933 121.45725 24.95 -107.23
38 16.16 31.27933 121.45736 24.95 -107.23
106 16.16 31.27934 121.45743 24.95 -107.23
100 16.16 31.27934 121.4575 24.95 -107.23
100 16.16 31.27933 121.45755 24.95 -107.23
134 16.16 31.27933 121.45766 24.95 -107.23
140 16.16 31.27933 121.45769 24.95 -107.23
51 16.16 31.27933 121.45775 24.95 -107.23
116 16.16 31.27933 121.45778 24.95 -107.23
209 16.16 31.27933 121.45785 24.95 -107.23
78 16.16 31.27934 121.4579 24.95 -107.23
60 16.16 31.27934 121.45795 24.95 -107.23
75 16.16 31.27934 121.45805 24.95 -107.23
63 16.16 31.27935 121.45815 24.95 -107.23
38 16.16 31.27935 121.45824 24.95 -107.23
65 16.16 31.27935 121.45832 24.95 -107.23
78 16.16 31.27936 121.45841 24.95 -107.23
97 16.16 31.27936 121.45851 24.95 -107.23
93 16.16 31.27937 121.45861 24.95 -107.23
134 16.16 31.27937 121.45871 24.95 -107.23
63 16.16 31.27937 121.45881 24.95 -107.23
130 16.16 31.27937 121.45891 24.95 -107.23
56 16.16 31.27937 121.45901 24.95 -107.23
74 16.16 31.27937 121.45913 24.95 -107.23
95 16.16 31.27938 121.45923 24.95 -107.23
132 16.16 31.27938 121.45936 24.95 -107.23
10 16.16 31.27938 121.45946 24.95 -107.23
86 16.17 31.27938 121.45958 24.95 -107.23
76 16.17 31.27938 121.45968 24.95 -107.23
73 16.17 31.27939 121.45977 24.95 -107.23
23 16.17 31.27939 121.45986 24.95 -107.23
41 16.17 31.27939 121.45994 24.95 -107.23
82 16.17 31.2794 121.46006 24.95 -107.23
67 16.17 31.2794 121.46014 24.95 -107.23
39 16.17 31.27941 121.46021 24.95 -107.23
83 16.17 31.27941 121.46031 24.95 -107.23
88 16.17 31.27943 121.46043 24.95 -107.23
92 16.17 31.27943 121.46045 24.95 -107.23
126 16.17 31.27944 121.46053 24.95 -107.23
131 16.17 31.27945 121.46062 24.95 -107.23
126 16.17 31.27948 121.46077 24.95 -107.23
115 16.17 31.27948 121.46078 24.95 -107.23
52 16.17 31.2795 121.46086 24.95 -107.23
112 16.17 31.27951 121.46091 24.95 -107.23
65 16.17 31.27952 121.46099 24.95 -107.23
74 16.17 31.27954 121.46109 24.95 -107.23
102 16.17 31.27956 121.46118 24.95 -107.23
39 16.17 31.27957 121.46126 24.95 -107.23
10 16.17 31.27959 121.46136 24.95 -107.23
103 16.17 31.27961 121.46145 24.95 -107.23
44 16.17 31.27963 121.46159 24.95 -107.23
8 16.17 31.27965 121.4617 24.95 -107.23
76 16.17 31.27967 121.46181 24.95 -107.23
116 16.17 31.27969 121.46195 24.95 -107.23
182 16.17 31.27972 121.46209 24.95 -107.23
151 16.17 31.27974 121.46223 24.95 -107.23
173 16.17 31.27976 121.46234 24.95 -107.23
174 16.17 31.27978 121.46245 24.95 -107.23
157 16.17 31.27981 121.4626 24.95 -107.23
69 16.17 31.27984 121.46276 24.95 -107.23
109 16.17 31.27987 121.46291 24.95 -107.23
115 16.17 31.27988 121.46301 24.95 -107.23
133 16.17 31.27991 121.46316 24.95 -107.23
118 16.17 31.27994 121.46333 24.95 -107.23
137 16.17 31.27996 121.46345 24.95 -107.23
95 16.17 31.27997 121.46352 24.95 -107.23
121 16.17 31.27999 121.46359 24.95 -107.23
102 16.17 31.28 121.46368 24.95 -107.23
123 16.17 31.28001 121.46374 24.95 -107.23
136 16.17 31.28002 121.46381 24.95 -107.23
127 16.17 31.28002 121.46385 24.95 -107.23
138 16.17 31.28003 121.46395 24.95 -107.23
123 16.17 31.28004 121.46398 24.95 -107.23
131 16.17 31.28004 121.46404 24.95 -107.23
118 16.17 31.28005 121.4641 24.95 -107.23
117 16.17 31.28005 121.46412 24.95 -107.23
119 16.17 31.28005 121.46414 24.95 -107.23
125 16.17 31.28005 121.46414 24.95 -107.23
117 16.17 31.28005 121.46416 24.95 -107.23
112 16.17 31.28005 121.46416 24.95 -107.23
111 16.17 31.28005 121.46417 24.95 -107.23
114 16.18 31.28005 121.46417 24.95 -107.23153 16.2 31.28006 121.4642 24.95 -107.23
108 16.2 31.28006 121.46421 24.95 -107.23
108 16.2 31.28006 121.46422 24.95 -107.23
111 16.2 31.28006 121.46422 24.95 -107.23
109 16.2 31.28006 121.46422 24.95 -107.23
106 16.2 31.28006 121.46422 24.95 -107.23
100 16.2 31.28006 121.46423 24.95 -107.23
118 16.2 31.28006 121.46424 24.95 -107.23
107 16.2 31.28006 121.46424 24.95 -107.23
105 16.2 31.28006 121.46424 24.95 -107.23
107 16.2 31.28006 121.46426 24.95 -107.23
105 16.2 31.28006 121.46428 24.95 -107.23
105 16.2 31.28007 121.46431 24.95 -107.23
104 16.2 31.28007 121.46433 24.95 -107.23
118 16.2 31.28007 121.46435 24.95 -107.23
117 16.2 31.28007 121.46439 24.95 -107.23
0 16.2 31.28008 121.46443 24.95 -107.23
176 16.2 31.28008 121.46448 24.95 -107.23
145 16.2 31.28009 121.46455 24.95 -107.23
161 16.2 31.2801 121.46464 24.95 -107.23
40 16.2 31.2801 121.46472 24.95 -107.23
104 16.2 31.28011 121.46478 24.95 -107.23
47 16.2 31.28011 121.4649 24.95 -107.23
155 16.2 31.28011 121.46497 24.95 -107.23
124 16.2 31.28011 121.46508 24.95 -107.23
42 16.2 31.2801 121.46528 24.95 -107.23
100 16.2 31.2801 121.46534 24.95 -107.23
94 16.2 31.2801 121.46545 24.95 -107.23
80 16.2 31.28009 121.4656 24.95 -107.23
109 16.2 31.28008 121.46575 24.95 -107.23
129 16.2 31.28007 121.46589 24.95 -107.23
96 16.2 31.28006 121.46601 24.95 -107.23
99 16.2 31.28005 121.46619 24.95 -107.23
123 16.2 31.28003 121.46636 24.95 -107.23
143 16.2 31.28002 121.46658 24.95 -107.23
135 16.2 31.28001 121.46671 24.95 -107.23
85 16.2 31.28 121.46685 24.95 -107.23
80 16.2 31.27998 121.46707 24.95 -107.23
69 16.2 31.27997 121.46724 24.95 -107.23
54 16.2 31.27996 121.46736 24.95 -107.23
58 16.2 31.27994 121.46753 24.95 -107.23
75 16.2 31.27993 121.46769 24.95 -107.23
49 16.2 31.27992 121.46787 24.95 -107.23
67 16.2 31.27991 121.46801 24.95 -107.23
49 16.2 31.2799 121.46816 24.95 -107.23
71 16.2 31.27988 121.46833 24.95 -107.23
50 16.2 31.27987 121.46841 24.95 -107.23
64 16.2 31.27986 121.46848 24.95 -107.23
40 16.2 31.27986 121.46853 24.95 -107.23
96 16.2 31.27985 121.46859 24.95 -107.23
54 16.2 31.27984 121.46868 24.95 -107.23
80 16.2 31.27983 121.46879 24.95 -107.23
27 16.2 31.27981 121.46896 24.95 -107.23
74 16.2 31.2798 121.46909 24.95 -107.23
50 16.2 31.27978 121.46922 24.95 -107.23
33 16.2 31.27975 121.46936 24.95 -107.23
58 16.2 31.27973 121.46946 24.95 -107.23
100 16.2 31.27969 121.4696 24.95 -107.23
83 16.21 31.27965 121.46975 24.95 -107.23
54 16.21 31.27961 121.46989 24.95 -107.23
73 16.21 31.27957 121.47004 24.95 -107.23
66 16.21 31.27952 121.4702 24.95 -107.23
57 16.21 31.27944 121.47041 24.95 -107.23
90 16.21 31.27942 121.47049 24.95 -107.23
83 16.21 31.27936 121.47064 24.95 -107.23
87 16.21 31.27929 121.47084 24.95 -107.23
93 16.21 31.27923 121.47103 24.95 -107.23
82 16.21 31.27919 121.47115 24.95 -107.23
99 16.21 31.27913 121.47132 24.95 -107.23
23 16.21 31.27907 121.47149 24.95 -107.23
48 16.21 31.27902 121.47164 24.95 -107.23
46 16.21 31.27895 121.47183 24.95 -107.23
64 16.21 31.27891 121.47197 24.95 -107.23
73 16.21 31.27886 121.47212 24.95 -107.23
85 16.21 31.2788 121.47227 24.95 -107.23
30 16.21 31.27874 121.47246 24.95 -107.23
132 16.21 31.27869 121.47259 24.95 -107.23
171 16.21 31.27863 121.47276 24.95 -107.23
61 16.21 31.27858 121.47292 24.95 -107.23
43 16.21 31.27854 121.47304 24.95 -107.23
65 16.21 31.27848 121.4732 24.95 -107.23
101 16.21 31.27844 121.47331 24.95 -107.23
115 16.21 31.27839 121.47347 24.95 -107.23
30 16.21 31.27833 121.47363 24.95 -107.23
96 16.21 31.27827 121.4738 24.95 -107.23
102 16.21 31.27823 121.47394 24.95 -107.23
0 16.21 31.27819 121.47404 24.95 -107.23
56 16.21 31.27813 121.4742 24.95 -107.23
45 16.21 31.2781 121.4743 24.95 -107.23
45 16.21 31.27807 121.47436 24.95 -107.23
47 16.21 31.27803 121.47446 24.95 -107.23
47 16.21 31.27801 121.4745 24.95 -107.23
48 16.21 31.278 121.47454 24.95 -107.23
48 16.21 31.27798 121.47457 24.95 -107.23
48 16.21 31.27798 121.47457 24.95 -107.23
49 16.21 31.27798 121.47458 24.95 -107.23
48 16.21 31.27798 121.47458 24.95 -107.23
48 16.22 31.27798 121.47458 24.95 -107.23
48 16.23 31.27798 121.47458 24.95 -107.23
49 16.23 31.27798 121.47459 24.95 -107.23
48 16.23 31.27797 121.47459 24.95 -107.23
48 16.23 31.27797 121.47459 24.95 -107.23
48 16.23 31.27797 121.47459 24.95 -107.23
47 16.23 31.27797 121.4746 24.95 -107.23
49 16.23 31.27797 121.4746 24.95 -107.23
49 16.23 31.27797 121.4746 24.95 -107.23
48 16.23 31.27797 121.47461 24.95 -107.23
49 16.23 31.27796 121.47461 24.95 -107.23
49 16.23 31.27796 121.47462 24.95 -107.23
48 16.23 31.27796 121.47462 24.95 -107.23
48 16.23 31.27796 121.47463 24.95 -107.23
48 16.23 31.27796 121.47463 24.95 -107.23
49 16.23 31.27795 121.47464 24.95 -107.23
48 16.23 31.27795 121.47464 24.95 -107.23
48 16.23 31.27795 121.47465 24.95 -107.23
49 16.23 31.27794 121.47466 24.95 -107.23
48 16.23 31.27794 121.47467 24.95 -107.23
50 16.23 31.27794 121.47468 24.95 -107.23
47 16.23 31.27793 121.47469 24.95 -107.23
48 16.23 31.27793 121.4747 24.95 -107.23
48 16.23 31.27793 121.47471 24.95 -107.23
48 16.23 31.27792 121.47471 24.95 -107.23
48 16.23 31.27792 121.47472 24.95 -107.23
49 16.23 31.27791 121.47473 24.95 -107.23
47 16.23 31.27791 121.47474 24.95 -107.23
48 16.23 31.27791 121.47474 24.95 -107.23
48 16.23 31.27791 121.47475 24.95 -107.23
49 16.23 31.27791 121.47475 24.95 -107.23
48 16.23 31.2779 121.47476 24.95 -107.23
49 16.23 31.2779 121.47476 24.95 -107.23
48 16.23 31.2779 121.47477 24.95 -107.23
48 16.23 31.27789 121.47478 24.95 -107.23
48 16.23 31.27788 121.47479 24.95 -107.23
49 16.23 31.27788 121.47481 24.95 -107.23
48 16.23 31.27787 121.47482 24.95 -107.23
49 16.23 31.27787 121.47482 24.95 -107.23
48 16.23 31.27786 121.47483 24.95 -107.23
49 16.23 31.27786 121.47484 24.95 -107.23
49 16.23 31.27786 121.47485 24.95 -107.23
49 16.23 31.27785 121.47485 24.95 -107.23
49 16.23 31.27785 121.47486 24.95 -107.23
49 16.23 31.27785 121.47487 24.95 -107.23
49 16.23 31.27784 121.47487 24.95 -107.23
49 16.23 31.27784 121.47488 24.95 -107.23
49 16.23 31.27784 121.47488 24.95 -107.23
48 16.23 31.27784 121.47489 24.95 -107.23
49 16.23 31.27783 121.4749 24.95 -107.23
48 16.23 31.27782 121.47491 24.95 -107.23
47 16.23 31.27782 121.47493 24.95 -107.23
48 16.23 31.27781 121.47493 24.95 -107.23
48 16.23 31.27781 121.47494 24.95 -107.23
49 16.23 31.2778 121.47495 24.95 -107.23
49 16.23 31.2778 121.47496 24.95 -107.23
49 16.23 31.2778 121.47496 24.95 -107.23
50 16.23 31.27779 121.47497 24.95 -107.23
49 16.23 31.27779 121.47498 24.95 -107.23
50 16.23 31.27778 121.47499 24.95 -107.23
51 16.23 31.27778 121.475 24.95 -107.23
50 16.23 31.27777 121.47501 24.95 -107.23
51 16.23 31.27776 121.47503 24.95 -107.23
50 16.23 31.27775 121.47505 24.95 -107.23
50 16.23 31.27775 121.47506 24.95 -107.23
49 16.23 31.27774 121.47507 24.95 -107.23
50 16.23 31.27774 121.47508 24.95 -107.23
51 16.23 31.27773 121.4751 24.95 -107.23
51 16.23 31.27772 121.47511 24.95 -107.23
50 16.23 31.27771 121.47513 24.95 -107.23
51 16.23 31.27771 121.47513 24.95 -107.23
51 16.23 31.27771 121.47514 24.95 -107.23
49 16.23 31.2777 121.47515 24.95 -107.23
50 16.23 31.2777 121.47515 24.95 -107.23
49 16.23 31.2777 121.47516 24.95 -107.23
49 16.23 31.27769 121.47517 24.95 -107.23
49 16.23 31.27769 121.47517 24.95 -107.23
50 16.23 31.27769 121.47518 24.95 -107.23
49 16.23 31.27768 121.4752 24.95 -107.23
59 16.23 31.27767 121.47521 24.95 -107.23
90 16.23 31.27766 121.47523 24.95 -107.23
100 16.23 31.27765 121.47524 24.95 -107.23
50 16.23 31.27765 121.47525 24.95 -107.23
89 16.23 31.27764 121.47526 24.95 -107.23
70 16.23 31.27764 121.47527 24.95 -107.23
70 16.23 31.27763 121.47528 24.95 -107.23
89 16.23 31.27763 121.47529 24.95 -107.23
100 16.23 31.27763 121.47529 24.95 -107.23
124 16.23 31.27762 121.47529 24.95 -107.23
25 16.23 31.27762 121.47529 24.95 -107.23
46 16.23 31.27762 121.47529 24.95 -107.23
107 16.23 31.27762 121.4753 24.95 -107.23
74 16.23 31.27762 121.4753 24.95 -107.23
94 16.23 31.27762 121.4753 24.95 -107.23
134 16.23 31.27758 121.47533 24.95 -107.23
5 16.23 31.27753 121.47538 24.95 -107.23
152 16.23 31.27746 121.47544 24.95 -107.23
146 16.23 31.27738 121.47556 24.95 -107.23
126 16.23 31.27732 121.47565 24.95 -107.23
74 16.23 31.27726 121.47575 24.95 -107.23
35 16.23 31.27719 121.47585 24.95 -107.23
32 16.23 31.27712 121.47597 24.95 -107.23
56 16.23 31.27702 121.47612 24.95 -107.23
62 16.23 31.27693 121.47627 24.95 -107.23
71 16.23 31.27684 121.47641 24.95 -107.23
221 16.23 31.27677 121.47653 24.95 -107.23
156 16.23 31.2767 121.47666 24.95 -107.23
160 16.23 31.27663 121.4768 24.95 -107.23
226 16.23 31.27654 121.47696 24.95 -107.23
288 16.23 31.27645 121.47711 24.95 -107.23
374 16.23 31.27633 121.47733 24.95 -107.23
350 16.23 31.2763 121.47738 24.95 -107.23
406 16.23 31.27625 121.47746 24.95 -107.23
592 16.23 31.27616 121.47763 24.95 -107.23
330 16.23 31.27607 121.4778 24.95 -107.23
369 16.23 31.27598 121.47797 24.95 -107.23
327 16.23 31.27588 121.47817 24.95 -107.23
326 16.23 31.27581 121.47831 24.95 -107.23
557 16.23 31.27572 121.47848 24.95 -107.23
431 16.23 31.27566 121.47866 24.95 -107.23
409 16.23 31.27558 121.47888 24.95 -107.23
358 16.23 31.27552 121.47902 24.95 -107.23
356 16.23 31.27546 121.47921 24.95 -107.23
326 16.23 31.27541 121.47939 24.95 -107.23
423 16.23 31.27535 121.47958 24.95 -107.23
382 16.23 31.27528 121.47979 24.95 -107.23
346 16.23 31.27523 121.47994 24.95 -107.23
315 16.23 31.27517 121.48013 24.95 -107.23
389 16.23 31.27511 121.48033 24.95 -107.23
358 16.23 31.27506 121.4805 24.95 -107.23
353 16.23 31.27502 121.48069 24.95 -107.23
313 16.23 31.27497 121.48088 24.95 -107.23
302 16.23 31.27493 121.48107 24.95 -107.23
254 16.23 31.27489 121.48128 24.95 -107.23
189 16.23 31.27486 121.4815 24.95 -107.23
195 16.23 31.27485 121.48165 24.95 -107.23
162 16.23 31.27483 121.48191 24.95 -107.23
158 16.23 31.27483 121.48205 24.95 -107.23
158 16.24 31.27497 121.48337 24.95 -107.23
132 16.24 31.27497 121.48337 24.95 -107.23
134 16.24 31.27497 121.48337 24.95 -107.23
89 16.24 31.27497 121.48337 24.95 -107.23
32 16.24 31.27497 121.48337 24.95 -107.23
50 16.24 31.27497 121.48337 24.95 -107.23
76 16.24 31.27499 121.48348 24.95 -107.23
103 16.24 31.27501 121.48353 24.95 -107.23
121 16.24 31.27503 121.48363 24.95 -107.23
147 16.24 31.27505 121.48372 24.95 -107.23
156 16.24 31.27511 121.4839 24.95 -107.23
117 16.24 31.27514 121.484 24.95 -107.23
136 16.24 31.2752 121.48415 24.95 -107.23
115 16.24 31.27527 121.48431 24.95 -107.23
89 16.24 31.27534 121.48443 24.95 -107.23
101 16.24 31.27539 121.48453 24.95 -107.23
112 16.24 31.27547 121.48468 24.95 -107.23
120 16.24 31.27552 121.48477 24.95 -107.23
127 16.24 31.27557 121.48487 24.95 -107.23
136 16.24 31.27564 121.48499 24.95 -107.23
137 16.24 31.27568 121.48508 24.95 -107.23
126 16.24 31.27572 121.48516 24.95 -107.23
127 16.24 31.27575 121.48521 24.95 -107.23
137 16.24 31.27578 121.48526 24.95 -107.23
138 16.24 31.27578 121.48527 24.95 -107.23
140 16.24 31.27578 121.48527 24.95 -107.23
144 16.24 31.27579 121.48527 24.95 -107.23
141 16.24 31.27579 121.48529 24.95 -107.23
137 16.24 31.2758 121.4853 24.95 -107.23
128 16.24 31.2758 121.4853 24.95 -107.23
87 16.24 31.2758 121.4853 24.95 -107.23
108 16.24 31.2758 121.4853 24.95 -107.23
126 16.24 31.2758 121.48531 24.95 -107.23
130 16.24 31.2758 121.48531 24.95 -107.23
132 16.24 31.2758 121.48531 24.95 -107.23
129 16.24 31.27581 121.48531 24.95 -107.23
128 16.24 31.27581 121.48532 24.95 -107.23
128 16.24 31.27581 121.48532 24.95 -107.23
127 16.24 31.27581 121.48532 24.95 -107.23
126 16.24 31.27582 121.48533 24.95 -107.23
126 16.24 31.27582 121.48535 24.95 -107.23
125 16.24 31.27583 121.48535 24.95 -107.23
123 16.24 31.27583 121.48536 24.95 -107.23
121 16.24 31.27584 121.48537 24.95 -107.23
123 16.24 31.27584 121.48537 24.95 -107.23
123 16.24 31.27584 121.48537 24.95 -107.23
124 16.24 31.27584 121.48537 24.95 -107.23
125 16.24 31.27584 121.48537 24.95 -107.23
125 16.24 31.27584 121.48537 24.95 -107.23
124 16.24 31.27584 121.48537 24.95 -107.23
123 16.24 31.27584 121.48537 24.95 -107.23
125 16.24 31.27584 121.48537 24.95 -107.23
124 16.24 31.27584 121.48537 24.95 -107.23
124 16.24 31.27584 121.48537 24.95 -107.23
125 16.25 31.27584 121.48537 24.95 -107.23
123 16.25 31.27584 121.48537 24.95 -107.23
121 16.25 31.27584 121.48537 24.95 -107.23
122 16.25 31.27584 121.48537 24.95 -107.23
123 16.25 31.27584 121.48537 24.95 -107.23
123 16.25 31.27584 121.48537 24.95 -107.23
121 16.25 31.27584 121.48537 24.95 -107.23
121 16.25 31.27584 121.48537 24.95 -107.23
122 16.25 31.27584 121.48538 24.95 -107.23
123 16.25 31.27584 121.48538 24.95 -107.23
122 16.25 31.27584 121.48538 24.95 -107.23
122 16.25 31.27584 121.48538 24.95 -107.23
122 16.25 31.27584 121.48538 24.95 -107.23
122 16.25 31.27585 121.48538 24.95 -107.23
121 16.25 31.27585 121.48539 24.95 -107.23
122 16.25 31.27585 121.48539 24.95 -107.23
121 16.25 31.27585 121.48539 24.95 -107.23
121 16.25 31.27585 121.48539 24.95 -107.23
123 16.25 31.27585 121.48539 24.95 -107.23
121 16.25 31.27585 121.48539 24.95 -107.23
121 16.25 31.27585 121.48539 24.95 -107.23
117 16.25 31.27585 121.48539 24.95 -107.23
121 16.25 31.27585 121.48539 24.95 -107.23
121 16.25 31.27585 121.4854 24.95 -107.23
113 16.25 31.27585 121.4854 24.95 -107.23
120 16.25 31.27585 121.4854 24.95 -107.23
123 16.25 31.27585 121.4854 24.95 -107.23
122 16.25 31.27585 121.4854 24.95 -107.23
123 16.25 31.27586 121.4854 24.95 -107.23
121 16.25 31.27586 121.4854 24.95 -107.23
121 16.25 31.27586 121.48541 24.95 -107.23
120 16.25 31.27586 121.48541 24.95 -107.23
120 16.25 31.27586 121.48541 24.95 -107.23
121 16.25 31.27586 121.48541 24.95 -107.23
125 16.25 31.27586 121.48541 24.95 -107.23
121 16.25 31.27586 121.48541 24.95 -107.23
122 16.25 31.27586 121.48541 24.95 -107.23
120 16.25 31.27586 121.48541 24.95 -107.23
118 16.25 31.27586 121.48541 24.95 -107.23
119 16.25 31.27586 121.48541 24.95 -107.23
119 16.25 31.27586 121.48541 24.95 -107.23
119 16.25 31.27586 121.48541 24.95 -107.23
122 16.25 31.27586 121.48541 24.95 -107.23
116 16.25 31.27586 121.48541 24.95 -107.23
121 16.25 31.27587 121.48542 24.95 -107.23
122 16.25 31.27587 121.48543 24.95 -107.23
120 16.25 31.27588 121.48544 24.95 -107.23
49 16.25 31.27592 121.48552 24.95 -107.23
52 16.25 31.27594 121.48557 24.95 -107.23
85 16.25 31.27598 121.48564 24.95 -107.23
55 16.25 31.27601 121.48569 24.95 -107.23
53 16.25 31.27604 121.48577 24.95 -107.23
51 16.25 31.27608 121.48584 24.95 -107.23
46 16.25 31.2761 121.48588 24.95 -107.23
53 16.25 31.27612 121.48593 24.95 -107.23
52 16.25 31.27616 121.48601 24.95 -107.23
65 16.25 31.2762 121.48609 24.95 -107.23
62 16.25 31.27624 121.4862 24.95 -107.23
21 16.25 31.27627 121.48631 24.95 -107.23
51 16.25 31.27631 121.48643 24.95 -107.23
50 16.25 31.27635 121.48656 24.95 -107.23
58 16.25 31.27637 121.48664 24.95 -107.23
49 16.25 31.27641 121.48676 24.95 -107.23
50 16.25 31.27642 121.48682 24.95 -107.23
52 16.25 31.27645 121.48695 24.95 -107.23
37 16.25 31.27648 121.4871 24.95 -107.23
97 16.25 31.2765 121.48721 24.95 -107.23
112 16.25 31.27651 121.4873 24.95 -107.23
0 16.26 31.27652 121.48744 24.95 -107.23
143 16.26 31.27652 121.48756 24.95 -107.23
42 16.26 31.27653 121.48771 24.95 -107.23
90 16.26 31.27653 121.48782 24.95 -107.23
52 16.26 31.27652 121.48794 24.95 -107.23
46 16.26 31.27652 121.4881 24.95 -107.23
52 16.26 31.27652 121.48823 24.95 -107.23
51 16.26 31.27652 121.48842 24.95 -107.23
44 16.26 31.27652 121.48848 24.95 -107.23
54 16.26 31.27651 121.48861 24.95 -107.23
87 16.26 31.27651 121.48876 24.95 -107.23
45 16.26 31.27651 121.48887 24.95 -107.23
85 16.26 31.2765 121.48897 24.95 -107.23
95 16.26 31.2765 121.48908 24.95 -107.23
41 16.26 31.27649 121.48917 24.95 -107.23
74 16.26 31.27649 121.48924 24.95 -107.23
0 16.26 31.27649 121.48929 24.95 -107.23
82 16.26 31.27649 121.48933 24.95 -107.23
104 16.26 31.27649 121.48937 24.95 -107.23
105 16.26 31.27649 121.4894 24.95 -107.23
100 16.26 31.27649 121.48941 24.95 -107.23
71 16.26 31.27649 121.48941 24.95 -107.23
107 16.26 31.27649 121.48942 24.95 -107.23
113 16.26 31.27649 121.48942 24.95 -107.23
117 16.26 31.27649 121.48942 24.95 -107.23
123 16.26 31.27649 121.48942 24.95 -107.23
122 16.26 31.27649 121.48942 24.95 -107.23
120 16.26 31.27649 121.48943 24.95 -107.23
119 16.26 31.27649 121.48943 24.95 -107.23
118 16.26 31.27649 121.48943 24.95 -107.23
120 16.26 31.27649 121.48943 24.95 -107.23
119 16.26 31.27649 121.48943 24.95 -107.23
115 16.26 31.27649 121.48943 24.95 -107.23
120 16.26 31.27649 121.48944 24.95 -107.23
56 16.26 31.27649 121.48944 24.95 -107.23
78 16.26 31.27649 121.48944 24.95 -107.23
107 16.26 31.27649 121.48944 24.95 -107.23
112 16.26 31.27649 121.48944 24.95 -107.23
117 16.26 31.27649 121.48944 24.95 -107.23
119 16.26 31.27649 121.48944 24.95 -107.23
113 16.26 31.27648 121.48945 24.95 -107.23
71 16.26 31.27648 121.48945 24.95 -107.23
85 16.26 31.27648 121.48945 24.95 -107.23
109 16.26 31.27648 121.48945 24.95 -107.23
123 16.26 31.27648 121.48947 24.95 -107.23
124 16.26 31.27648 121.4895 24.95 -107.23
118 16.26 31.27648 121.48954 24.95 -107.23
121 16.26 31.27648 121.48959 24.95 -107.23
116 16.26 31.27648 121.48965 24.95 -107.23
111 16.26 31.27648 121.4897 24.95 -107.23
121 16.26 31.27648 121.48976 24.95 -107.23
118 16.26 31.27647 121.48981 24.95 -107.23
116 16.26 31.27647 121.48989 24.95 -107.23
72 16.26 31.27647 121.48996 24.95 -107.23
108 16.26 31.27647 121.49003 24.95 -107.23
106 16.26 31.27646 121.49011 24.95 -107.23
105 16.26 31.27646 121.49019 24.95 -107.23
93 16.26 31.27646 121.49027 24.95 -107.23
104 16.26 31.27646 121.49035 24.95 -107.23
106 16.26 31.27645 121.49044 24.95 -107.23
110 16.27 31.27646 121.49052 24.95 -107.23
95 16.27 31.27646 121.49062 24.95 -107.23
86 16.27 31.27645 121.4907 24.95 -107.23
94 16.27 31.27645 121.49078 24.95 -107.23
90 16.27 31.27645 121.49085 24.95 -107.23
49 16.27 31.27645 121.49093 24.95 -107.23
78 16.27 31.27645 121.49099 24.95 -107.23
109 16.27 31.27645 121.49104 24.95 -107.23
148 16.27 31.27645 121.49109 24.95 -107.23
163 16.27 31.27645 121.49111 24.95 -107.23
160 16.27 31.27644 121.49112 24.95 -107.23
153 16.27 31.27644 121.49112 24.95 -107.23
137 16.27 31.27644 121.49113 24.95 -107.23
131 16.27 31.27644 121.49115 24.95 -107.23
83 16.27 31.27644 121.49116 24.95 -107.23
84 16.27 31.27644 121.49117 24.95 -107.23
173 16.27 31.27644 121.49118 24.95 -107.23
110 16.27 31.27644 121.49119 24.95 -107.23
124 16.27 31.27644 121.4912 24.95 -107.23
106 16.27 31.27644 121.49122 24.95 -107.23
105 16.27 31.27644 121.49123 24.95 -107.23
124 16.27 31.27644 121.49124 24.95 -107.23
123 16.27 31.27644 121.49126 24.95 -107.23
120 16.27 31.27644 121.49126 24.95 -107.23
128 16.27 31.27644 121.49127 24.95 -107.23
126 16.27 31.27644 121.49127 24.95 -107.23
124 16.27 31.27644 121.49127 24.95 -107.23
123 16.27 31.27644 121.49129 24.95 -107.23
125 16.27 31.27644 121.4913 24.95 -107.23
93 16.27 31.27644 121.4913 24.95 -107.23
0 16.27 31.27644 121.49132 24.95 -107.23
50 16.27 31.27644 121.49134 24.95 -107.23
29 16.27 31.27644 121.49136 24.95 -107.23
109 16.27 31.27644 121.49138 24.95 -107.23
140 16.27 31.27644 121.4914 24.95 -107.23
133 16.27 31.27644 121.49142 24.95 -107.23
146 16.27 31.27644 121.49146 24.95 -107.23
133 16.27 31.27644 121.4915 24.95 -107.23
137 16.27 31.27644 121.49155 24.95 -107.23
137 16.27 31.27643 121.4916 24.95 -107.23
137 16.27 31.27643 121.49167 24.95 -107.23
129 16.27 31.27643 121.49174 24.95 -107.23
127 16.27 31.27643 121.49179 24.95 -107.23
126 16.27 31.27643 121.49183 24.95 -107.23
140 16.27 31.27643 121.49186 24.95 -107.23
109 16.27 31.27643 121.4919 24.95 -107.23
118 16.27 31.27643 121.49195 24.95 -107.23
122 16.27 31.27643 121.492 24.95 -107.23
127 16.27 31.27643 121.49204 24.95 -107.23
124 16.27 31.27642 121.49213 24.95 -107.23
125 16.28 31.27642 121.49227 24.95 -107.23
126 16.28 31.27642 121.49251 24.95 -107.23
124 16.28 31.27641 121.49286 24.95 -107.23
128 16.28 31.2764 121.49315 24.95 -107.23
126 16.28 31.2764 121.49345 24.95 -107.23
124 16.28 31.27639 121.49378 24.95 -107.23
126 16.28 31.27637 121.49432 24.95 -107.23
121 16.28 31.27636 121.49474 24.95 -107.23
126 16.28 31.27635 121.49536 24.95 -107.23
133 16.28 31.27634 121.49584 24.95 -107.23
133 16.28 31.27634 121.49628 24.95 -107.23
111 16.28 31.27633 121.4967 24.95 -107.23
117 16.28 31.27633 121.49724 24.95 -107.23
112 16.28 31.27632 121.49779 24.95 -107.23
133 16.28 31.2763 121.49828 24.95 -107.23
100 16.29 31.27626 121.49862 24.95 -107.23
161 16.29 31.27625 121.49866 24.95 -107.23
136 16.29 31.27625 121.49867 24.95 -107.23
156 16.29 31.27625 121.49867 24.95 -107.23
152 16.29 31.27625 121.49867 24.95 -107.23
172 16.29 31.27625 121.49867 24.95 -107.23
149 16.29 31.27625 121.49867 24.95 -107.23
150 16.29 31.27625 121.49868 24.95 -107.23
149 16.29 31.27625 121.49868 24.95 -107.23
150 16.29 31.27625 121.49868 24.95 -107.23
132 16.29 31.27625 121.49868 24.95 -107.23
141 16.29 31.27625 121.49868 24.95 -107.23
132 16.29 31.27625 121.49868 24.95 -107.23
92 16.29 31.27625 121.49868 24.95 -107.23
76 16.29 31.27625 121.49868 24.95 -107.23
116 16.29 31.27624 121.49869 24.95 -107.23
133 16.29 31.27624 121.49869 24.95 -107.23
143 16.29 31.27624 121.4987 24.95 -107.23
154 16.29 31.27624 121.4987 24.95 -107.23
153 16.29 31.27624 121.49871 24.95 -107.23
156 16.29 31.27624 121.49871 24.95 -107.23
106 16.29 31.27624 121.49872 24.95 -107.23
127 16.29 31.27624 121.49873 24.95 -107.23
111 16.29 31.27624 121.49875 24.95 -107.23
133 16.29 31.27623 121.49877 24.95 -107.23
137 16.29 31.27623 121.49879 24.95 -107.23
65 16.29 31.27622 121.49882 24.95 -107.23
79 16.29 31.27621 121.49889 24.95 -107.23
94 16.29 31.27619 121.49896 24.95 -107.23
102 16.29 31.27617 121.49906 24.95 -107.23
101 16.29 31.27613 121.4992 24.95 -107.23
51 16.29 31.27608 121.4994 24.95 -107.23
48 16.29 31.27596 121.49969 24.95 -107.23
51 16.29 31.2758 121.50003 24.95 -107.23
71 16.29 31.27563 121.50035 24.95 -107.23
71 16.29 31.27538 121.50072 24.95 -107.23
62 16.29 31.27507 121.50109 24.95 -107.23
89 16.29 31.27472 121.50147 24.95 -107.23
100 16.29 31.2743 121.50197 24.95 -107.23
75 16.3 31.27386 121.50251 24.95 -107.23
68 16.3 31.27349 121.50296 24.95 -107.23
87 16.3 31.27329 121.50321 24.95 -107.23
51 16.3 31.27326 121.50324 24.95 -107.23
97 16.3 31.27326 121.50324 24.95 -107.23
72 16.3 31.27326 121.50324 24.95 -107.23
49 16.3 31.27326 121.50324 24.95 -107.23
73 16.3 31.27325 121.50325 24.95 -107.23
59 16.3 31.27325 121.50326 24.95 -107.23
81 16.3 31.27324 121.50327 24.95 -107.23
84 16.3 31.27323 121.50327 24.95 -107.23
0 16.3 31.27323 121.50328 24.95 -107.23
52 16.3 31.27322 121.50329 24.95 -107.23
73 16.3 31.27322 121.50329 24.95 -107.23
81 16.3 31.27321 121.50331 24.95 -107.23
81 16.3 31.27317 121.50335 24.95 -107.23
100 16.3 31.2731 121.50343 24.95 -107.23
110 16.3 31.27306 121.50348 24.95 -107.23
50 16.3 31.27303 121.50352 24.95 -107.23
50 16.3 31.27298 121.50358 24.95 -107.23
50 16.3 31.27293 121.50364 24.95 -107.23
50 16.3 31.27287 121.50371 24.95 -107.23
50 16.3 31.2728 121.5038 24.95 -107.23
51 16.3 31.27271 121.5039 24.95 -107.23
51 16.31 31.27263 121.50401 24.95 -107.23
51 16.31 31.27248 121.50419 24.95 -107.23
51 16.31 31.2723 121.5044 24.95 -107.23
51 16.31 31.27208 121.50467 24.95 -107.23
50 16.31 31.27183 121.50497 24.95 -107.23
50 16.31 31.27163 121.50522 24.95 -107.23
51 16.31 31.2715 121.50537 24.95 -107.23
50 16.31 31.27134 121.50557 24.95 -107.23
15 16.31 31.27104 121.50593 24.95 -107.23
21 16.31 31.2707 121.50634 24.95 -107.23
58 16.31 31.27033 121.50641 24.95 -107.23
54 16.32 31.26951 121.50635 24.95 -107.23
69 16.32 31.26848 121.5063 24.95 -107.23
37 16.32 31.2681 121.50629 24.95 -107.23
40 16.32 31.26799 121.50629 24.95 -107.23
36 16.32 31.2679 121.50629 24.95 -107.23
55 16.32 31.26788 121.50629 24.95 -107.23
37 16.32 31.26787 121.50629 24.95 -107.23
48 16.32 31.26787 121.50629 24.95 -107.23
54 16.32 31.26787 121.50629 24.95 -107.23
34 16.32 31.26787 121.50629 24.95 -107.23
51 16.33 31.26787 121.50629 24.95 -107.23
53 16.34 31.26787 121.50629 24.95 -107.23
79 16.34 31.26786 121.50629 24.95 -107.23
94 16.34 31.26786 121.50629 24.95 -107.23
103 16.34 31.26786 121.50629 24.95 -107.23
86 16.34 31.26786 121.50629 24.95 -107.23
127 16.34 31.26785 121.50629 24.95 -107.23
61 16.34 31.26785 121.50629 24.95 -107.23
39 16.34 31.26785 121.50629 24.95 -107.23
40 16.34 31.26785 121.50629 24.95 -107.23
120 16.34 31.26785 121.50629 24.95 -107.23
120 16.34 31.26785 121.50629 24.95 -107.23
110 16.34 31.26784 121.50629 24.95 -107.23
90 16.34 31.26784 121.50629 24.95 -107.23
63 16.34 31.26784 121.50629 24.95 -107.23
42 16.34 31.26784 121.50629 24.95 -107.23
139 16.34 31.26784 121.50629 24.95 -107.23
96 16.34 31.26784 121.50629 24.95 -107.23
129 16.34 31.26784 121.50629 24.95 -107.23
40 16.34 31.26784 121.50629 24.95 -107.23
79 16.34 31.26784 121.50629 24.95 -107.23
119 16.34 31.26783 121.50629 24.95 -107.23
112 16.34 31.26783 121.50629 24.95 -107.23
91 16.34 31.26783 121.50629 24.95 -107.23
135 16.34 31.26782 121.50629 24.95 -107.23
0 16.34 31.26781 121.50629 24.95 -107.23
81 16.34 31.26777 121.50629 24.95 -107.23
74 16.34 31.26762 121.50629 24.95 -107.23
103 16.34 31.26736 121.50628 24.95 -107.23
101 16.34 31.26698 121.50628 24.95 -107.23
88 16.34 31.26648 121.5063 24.95 -107.23
102 16.34 31.26603 121.50637 24.95 -107.23
57 16.34 31.26556 121.5065 24.95 -107.23
98 16.34 31.26512 121.5067 24.95 -107.23
128 16.34 31.26457 121.50706 24.95 -107.23
95 16.35 31.26396 121.50745 24.95 -107.23
120 16.35 31.2634 121.5078 24.95 -107.23
106 16.35 31.26329 121.50787 24.95 -107.23
106 16.35 31.26325 121.5079 24.95 -107.23
112 16.36 31.26323 121.50791 24.95 -107.23
105 16.36 31.26323 121.50791 24.95 -107.23
94 16.36 31.26323 121.50791 24.95 -107.23
104 16.36 31.26322 121.50792 24.95 -107.23
102 16.36 31.2632 121.50793 24.95 -107.23
100 16.36 31.26317 121.50795 24.95 -107.23
105 16.36 31.26312 121.50798 24.95 -107.23
104 16.36 31.26309 121.508 24.95 -107.23
98 16.36 31.26303 121.50805 24.95 -107.23
0 16.36 31.26297 121.50809 24.95 -107.23
0 16.36 31.26292 121.50814 24.95 -107.23
102 16.36 31.26286 121.50818 24.95 -107.23
111 16.36 31.2628 121.50824 24.95 -107.23
115 16.36 31.26271 121.5083 24.95 -107.23
113 16.36 31.26262 121.50839 24.95 -107.23
112 16.36 31.26271 121.50889 24.95 -107.23
110 16.36 31.26278 121.50911 24.95 -107.23
111 16.36 31.26289 121.50945 24.95 -107.23
107 16.36 31.26299 121.50976 24.95 -107.23
106 16.36 31.26313 121.51018 24.95 -107.23
108 16.36 31.26325 121.51055 24.95 -107.23
106 16.37 31.26331 121.51075 24.95 -107.23
104 16.37 31.2631 121.5109 24.95 -107.23
96 16.37 31.26285 121.51103 24.95 -107.23
106 16.37 31.26274 121.51111 24.95 -107.23
105 16.37 31.26271 121.51113 24.95 -107.23
104 16.37 31.2627 121.51114 24.95 -107.23
103 16.37 31.2627 121.51114 24.95 -107.23
101 16.37 31.26269 121.51115 24.95 -107.23
102 16.37 31.26268 121.51115 24.95 -107.23
100 16.37 31.26267 121.51116 24.95 -107.23
96 16.37 31.26265 121.51118 24.95 -107.23
104 16.37 31.2626 121.51121 24.95 -107.23
103 16.37 31.26255 121.51125 24.95 -107.23
105 16.37 31.2625 121.5113 24.95 -107.23
93 16.37 31.26244 121.51136 24.95 -107.23
80 16.37 31.26234 121.51147 24.95 -107.23
106 16.37 31.2622 121.51161 24.95 -107.23
108 16.37 31.26201 121.51181 24.95 -107.23
104 16.37 31.26179 121.51206 24.95 -107.23
0 16.38 31.26156 121.51232 24.95 -107.23
0 16.38 31.26124 121.51268 24.95 -107.23
35 16.38 31.26089 121.51307 24.95 -107.23
48 16.38 31.2604 121.51355 24.95 -107.23
34 16.38 31.25985 121.51402 24.95 -107.22182 16.4 31.258 121.5156 24.96 -107.22
45 16.4 31.25797 121.51563 24.96 -107.22
77 16.41 31.2579 121.51568 24.96 -107.22
70 16.41 31.25784 121.51574 24.96 -107.22
42 16.41 31.25783 121.51588 24.96 -107.22
97 16.41 31.25798 121.51601 24.96 -107.22
96 16.41 31.25808 121.51613 24.96 -107.22
85 16.41 31.2582 121.51625 24.96 -107.22
53 16.41 31.25836 121.51641 24.96 -107.22
67 16.41 31.25853 121.51665 24.96 -107.22
93 16.41 31.25866 121.51672 24.96 -107.22
115 16.41 31.25881 121.51656 24.96 -107.22
69 16.41 31.25892 121.51635 24.96 -107.22
112 16.42 31.25899 121.51629 24.96 -107.22
126 16.42 31.259 121.51629 24.96 -107.22
129 16.42 31.259 121.51629 24.96 -107.22
55 16.42 31.259 121.51629 24.96 -107.22
73 16.42 31.259 121.51629 24.96 -107.22
97 16.42 31.259 121.51629 24.96 -107.22
130 16.42 31.259 121.51629 24.96 -107.22
133 16.42 31.259 121.51629 24.96 -107.22
127 16.42 31.259 121.51629 24.96 -107.22
65 16.42 31.259 121.51629 24.96 -107.22
95 16.42 31.259 121.51629 24.96 -107.22
116 16.42 31.259 121.51629 24.96 -107.22
102 16.42 31.259 121.51629 24.96 -107.22
81 16.42 31.259 121.51629 24.96 -107.22
42 16.42 31.259 121.51629 24.96 -107.22
83 16.42 31.259 121.51629 24.96 -107.22
100 16.42 31.25899 121.51628 24.96 -107.22
48 16.42 31.2589 121.51619 24.96 -107.22
28 16.42 31.25886 121.51615 24.96 -107.22
86 16.42 31.25881 121.5161 24.96 -107.22
63 16.42 31.25873 121.51602 24.96 -107.22
89 16.42 31.25865 121.51594 24.96 -107.22
26 16.42 31.2586 121.5159 24.96 -107.22
55 16.42 31.2586 121.5159 24.96 -107.22