184 1632818473942 31.273795833333335 121.50294305555556 23.54 -109.38 -1.0 0.0 15.008 1632818476688
184 1632818473942 31.273794166666665 121.5029425 23.54 -109.38 -1.0 0.0 15.008 1632818476789
184 1632818473942 31.27379277777778 121.50294222222222 23.54 -109.38 -1.0 0.0 15.008 1632818476888
184 1632818473942 31.273791111111112 121.50294166666667 23.54 -109.38 -1.0 0.0 15.008 1632818476988
184 1632818473942 31.273789722222222 121.50294138888889 23.54 -109.38 -1.0 0.0 15.008 1632818477088
184 1632818473942 31.273788333333332 121.50294111111111 23.54 -109.38 -1.0 0.0 15.008 1632818477189
184 1632818473942 31.273786666666666 121.50294055555555 23.54 -109.38 -1.0 0.0 15.008 1632818477288
184 1632818473942 31.273785277777776 121.50294027777778 23.54 -109.38 -1.0 0.0 15.008 1632818477388
184 1632818473942 31.27378361111111 121.50293972222222 23.54 -109.38 -1.0 0.0 15.008 1632818477488
184 1632818473942 31.273782222222223 121.50293944444445 23.54 -109.38 -1.0 0.0 15.008 1632818477588
184 1632818473942 31.273779722222223 121.50293888888889 23.54 -109.38 -1.0 0.0 12.864 1632818477688
184 1632818473942 31.27377277777778 121.50293833333333 23.54 -109.38 -1.0 0.0 12.864 1632818477788
184 1632818473942 31.273765833333332 121.5029375 23.54 -109.38 -1.0 0.0 12.864 1632818477888

134 1632818475027 31.273577222222222 121.50296083333333 23.54 -109.38 135.19 44.724 8.576 1632818479492

119 1632818475944 31.273560833333335 121.50296416666667 23.54 -109.38 135.19 44.724 8.576 1632818479593

119 1632818475944 31.27354777777778 121.50296888888889 23.54 -109.38 135.20953 40.692 6.432 1632818479694

119 1632818475944 31.27353527777778 121.5029775 23.54 -109.38 135.27112 40.692 6.432 1632818479796

119 1632818475944 31.273523055555554 121.50298611111111 23.54 -109.38 135.33212 40.692 6.432 1632818479896

119 1632818475944 31.273510833333333 121.50299444444444 23.54 -109.38 135.39313 40.692 6.432 1632818479996

119 1632818475944 31.273498611111112 121.50300277777778 23.54 -109.38 135.45413 40.692 6.432 1632818480096

119 1632818475944 31.273486388888887 121.5030113888889 23.54 -109.38 135.51514 40.692 6.432 1632818480195

119 1632818475944 31.273474166666666 121.50302 23.54 -109.38 135.57611 40.692 6.432 1632818480296

119 1632818475944 31.273461944444445 121.50302833333333 23.54 -109.38 135.63712 40.692 6.432 1632818480396

117 1632818476948 31.27344972222222 121.50303666666667 23.54 -109.38 135.69812 40.692 6.432 1632818480495

117 1632818476948 31.2734375 121.50304527777777 23.54 -109.38 135.75912 40.692 6.432 1632818480595

117 1632818476948 31.2734275 121.5030563888889 23.54 -109.38 135.78 26.928 5.36 1632818480694

117 1632818476948 31.273423333333334 121.50306972222222 23.54 -109.38 135.72998 26.928 5.36 1632818480795

117 1632818476948 31.273418888888887 121.50308277777778 23.54 -109.38 135.68 26.928 5.36 1632818480895

117 1632818476948 31.273414444444445 121.50309638888889 23.54 -109.38 135.62949 26.928 5.36 1632818480996

117 1632818476948 31.27341 121.50310972222222 23.54 -109.38 135.5795 26.928 5.36 1632818481097

117 1632818476948 31.273405555555556 121.50312305555556 23.54 -109.38 135.52899 26.928 5.36 1632818481197

117 1632818476948 31.27340111111111 121.50313638888889 23.54 -109.38 135.47897 26.928 5.36 1632818481299

117 1632818476948 31.273396666666667 121.50314972222222 23.54 -109.38 135.4285 26.928 5.36 1632818481399

117 1632818477948 31.27339222222222 121.50316305555556 23.54 -109.38 135.37848 26.928 5.36 1632818481499

117 1632818477948 31.273387777777778 121.50317611111112 23.54 -109.38 135.32849 26.928 5.36 1632818481599

117 1632818477948 31.27338361111111 121.50318527777777 23.54 -109.38 135.34451 22.896 5.36 1632818481698

117 1632818477948 31.273377222222223 121.50319083333333 23.54 -109.38 135.50351 22.896 5.36 1632818481799

117 1632818477948 31.273370833333335 121.5031963888889 23.54 -109.38 135.6625 22.896 5.36 1632818481899

117 1632818477948 31.273364166666667 121.50320194444444 23.54 -109.38 135.82312 22.896 5.36 1632818481999

117 1632818477948 31.27335777777778 121.5032075 23.54 -109.38 135.98212 22.896 5.36 1632818482100

117 1632818477948 31.273351388888887 121.50321277777778 23.54 -109.38 136.14111 22.896 5.36 1632818482200

117 1632818477948 31.273345 121.50321833333334 23.54 -109.38 136.30011 22.896 5.36 1632818482299

125 1632818478951 31.27333861111111 121.50322388888888 23.54 -109.38 136.4591 22.896 5.36 1632818482400

125 1632818478951 31.273332222222223 121.50322944444444 23.54 -109.38 136.61972 22.896 5.36 1632818482500

125 1632818478951 31.273325833333335 121.503235 23.54 -109.38 136.77872 22.896 5.36 1632818482600

125 1632818478951 31.273319444444443 121.50324111111111 23.54 -109.38 136.81253 19.980001 4.288 1632818482700

125 1632818478951 31.273315 121.50324638888888 23.54 -109.38 136.62354 19.980001 4.288 1632818482800

125 1632818478951 31.273310277777778 121.50325194444444 23.54 -109.38 136.43451 19.980001 4.288 1632818482901

125 1632818478951 31.273305555555556 121.5032575 23.54 -109.38 136.24362 19.980001 4.288 1632818483001

125 1632818478951 31.273300833333334 121.50326305555555 23.54 -109.38 136.05084 19.980001 4.288 1632818483104

125 1632818478951 31.27329611111111 121.50326861111111 23.54 -109.38 135.85995 19.980001 4.288 1632818483204

125 1632818478951 31.27329138888889 121.50327416666667 23.54 -109.38 135.66907 19.980001 4.288 1632818483305

125 1632818478951 31.273286666666667 121.50327972222222 23.54 -109.38 135.48007 19.980001 4.288 1632818483405

128 1632818479950 31.27328222222222 121.50328527777778 23.54 -109.38 135.29108 19.980001 4.288 1632818483506

128 1632818479950 31.2732775 121.50329055555555 23.54 -109.38 135.10205 19.980001 4.288 1632818483605

128 1632818479950 31.27327361111111 121.50329611111111 23.54 -109.38 135.0 17.568 4.288 1632818483704

128 1632818479950 31.273270555555555 121.50330166666667 23.54 -109.38 135.0 17.568 4.288 1632818483806

128 1632818479950 31.2732675 121.5033075 23.54 -109.38 135.0 17.568 4.288 1632818483906

128 1632818479950 31.273264166666667 121.50331333333334 23.54 -109.38 135.0 17.568 4.288 1632818484006

128 1632818479950 31.27326111111111 121.50331888888888 23.54 -109.38 135.0 17.568 4.288 1632818484107

128 1632818479950 31.273258055555555 121.50332472222222 23.54 -109.38 135.0 17.568 4.288 1632818484206

128 1632818479950 31.273255 121.50333027777778 23.54 -109.38 135.0 17.568 4.288 1632818484305

128 1632818479950 31.273251666666667 121.50333583333334 23.54 -109.38 135.0 17.568 4.288 1632818484405

131 1632818480954 31.27324861111111 121.50334166666667 23.54 -109.38 135.0 17.568 4.288 1632818484505

131 1632818480954 31.273245555555555 121.50334722222222 23.54 -109.38 135.0 17.568 4.288 1632818484604

131 1632818480954 31.273243055555554 121.50335166666666 23.54 -109.38 135.0275 14.508 4.288 1632818484704

131 1632818480954 31.27324 121.50335611111112 23.54 -109.38 135.13751 14.508 4.288 1632818484805

131 1632818480954 31.273236666666666 121.50336083333333 23.54 -109.38 135.2486 14.508 4.288 1632818484905

131 1632818480954 31.27323361111111 121.50336555555556 23.54 -109.38 135.35861 14.508 4.288 1632818485007

131 1632818480954 31.273230555555557 121.50337027777778 23.54 -109.38 135.4686 14.508 4.288 1632818485107

131 1632818480954 31.2732275 121.503375 23.54 -109.38 135.57861 14.508 4.288 1632818485206

131 1632818480954 31.273224166666665 121.50337972222222 23.54 -109.38 135.6897 14.508 4.288 1632818485307

126 1632818481954 31.273221111111113 121.50338416666666 23.54 -109.38 135.79971 14.508 4.288 1632818485408

126 1632818481954 31.273218055555557 121.50338888888889 23.54 -109.38 135.9108 14.508 4.288 1632818485508

126 1632818481954 31.273215 121.50339361111111 23.54 -109.38 136.02191 14.508 4.288 1632818485608

126 1632818481954 31.273210833333334 121.5033988888889 23.54 -109.38 135.86542 12.024 4.288 1632818485709

126 1632818481954 31.2732075 121.5034025 23.54 -109.38 135.4054 12.024 4.288 1632818485811

126 1632818481954 31.27320388888889 121.5034061111111 23.54 -109.38 134.9408 12.024 4.288 1632818485915

126 1632818481954 31.27320027777778 121.50340972222222 23.54 -109.38 134.4808 12.024 4.288 1632818486012

126 1632818481954 31.273196666666667 121.50341305555555 23.54 -109.38 134.02081 12.024 4.288 1632818486112

126 1632818481954 31.27319333333333 121.50341666666667 23.54 -109.38 133.56079 12.024 4.288 1632818486211

126 1632818481954 31.273189722222224 121.50342027777778 23.54 -109.38 133.1008 12.024 4.288 1632818486311

111 1632818482957 31.273186111111112 121.50342388888889 23.54 -109.38 132.64081 12.024 4.288 1632818486411

111 1632818482957 31.273182777777777 121.5034275 23.54 -109.38 132.17621 12.024 4.288 1632818486512

111 1632818482957 31.273179166666665 121.50343111111111 23.54 -109.38 131.71161 12.024 4.288 1632818486613

111 1632818482957 31.273176666666668 121.5034336111111 23.54 -109.38 131.39603 9.504001 4.288 1632818486712

111 1632818482957 31.273174722222222 121.50343611111111 23.54 -109.38 131.11221 9.504001 4.288 1632818486814

111 1632818482957 31.273172777777777 121.50343833333334 23.54 -109.38 130.8284 9.504001 4.288 1632818486915

111 1632818482957 31.27317083333333 121.50344083333333 23.54 -109.38 130.54742 9.504001 4.288 1632818487016

111 1632818482957 31.27316888888889 121.50344305555555 23.54 -109.38 130.26642 9.504001 4.288 1632818487116

111 1632818482957 31.273166944444444 121.50344527777777 23.54 -109.38 129.98541 9.504001 4.288 1632818487215

111 1632818482957 31.273165 121.50344777777778 23.54 -109.38 129.7044 9.504001 4.288 1632818487315

111 1632818482957 31.273162777777777 121.50345 23.54 -109.38 129.4234 9.504001 4.288 1632818487415

104 1632818483960 31.27316111111111 121.5034525 23.54 -109.38 129.13959 9.504001 4.288 1632818487516

104 1632818483960 31.27315888888889 121.503455 23.54 -109.38 128.85861 9.504001 4.288 1632818487616

104 1632818483960 31.273156666666665 121.5034575 23.54 -109.38 128.5748 7.2 4.288 1632818487716

104 1632818483960 31.273155 121.50345944444445 23.54 -109.38 128.41321 7.2 4.288 1632818487818

104 1632818483960 31.273153333333333 121.50346111111111 23.54 -109.38 128.25159 7.2 4.288 1632818487918

104 1632818483960 31.273151666666667 121.50346305555556 23.54 -109.38 128.0932 7.2 4.288 1632818488018

104 1632818483960 31.273150277777777 121.50346472222222 23.54 -109.38 127.9332 7.2 4.288 1632818488120

104 1632818483960 31.27314861111111 121.50346666666667 23.54 -109.38 127.77319 7.2 4.288 1632818488218

104 1632818483960 31.273146944444445 121.50346833333333 23.54 -109.38 127.6116 7.2 4.288 1632818488319

104 1632818483960 31.27314527777778 121.50347027777778 23.54 -109.38 127.4516 7.2 4.288 1632818488419

93 1632818484959 31.27314361111111 121.50347194444444 23.54 -109.38 127.291595 7.2 4.288 1632818488519

93 1632818484959 31.273142222222223 121.5034736111111 23.54 -109.38 127.13159 7.2 4.288 1632818488619

93 1632818484959 31.273141666666668 121.50347416666666 23.54 -109.38 127.09 7.2 4.288 1632818488718

89 1632818485958 31.273141111111112 121.50347472222222 23.54 -109.38 124.462494 0.54 4.288 1632818489721

89 1632818485958 31.273140277777777 121.50347527777778 23.54 -109.38 124.412506 0.54 4.288 1632818489822

89 1632818485958 31.273139722222222 121.50347611111111 23.54 -109.38 124.36249 0.54 4.288 1632818489923

89 1632818485958 31.273138888888887 121.50347694444444 23.54 -109.38 124.3125 0.54 4.288 1632818490022

89 1632818485958 31.273138055555556 121.5034775 23.54 -109.38 124.26199 0.54 4.288 1632818490123

89 1632818485958 31.27313722222222 121.50347833333333 23.54 -109.38 124.212006 0.54 4.288 1632818490222

89 1632818485958 31.27313638888889 121.50347888888889 23.54 -109.38 124.16199 0.54 4.288 1632818490322

89 1632818486962 31.273135555555555 121.50347972222222 23.54 -109.38 124.11151 0.54 4.288 1632818490423

89 1632818486962 31.273135 121.50348027777778 23.54 -109.38 124.06149 0.54 4.288 1632818490524

89 1632818486962 31.273134166666665 121.50348111111111 23.54 -109.38 124.011505 0.54 4.288 1632818490622

89 1632818486962 31.273133333333334 121.50348138888889 23.54 -109.38 124.0 0.0 4.288 1632818490723

89 1632818486962 31.273132222222223 121.50348111111111 23.54 -109.38 124.0 0.0 4.288 1632818490823

89 1632818486962 31.27313138888889 121.50348111111111 23.54 -109.38 124.0 0.0 4.288 1632818490924

89 1632818486962 31.273130555555557 121.50348083333333 23.54 -109.38 124.0 0.0 4.288 1632818491024

89 1632818486962 31.273129722222222 121.50348083333333 23.54 -109.38 124.0 0.0 4.288 1632818491125

89 1632818486962 31.273128888888888 121.50348083333333 23.54 -109.38 124.0 0.0 4.288 1632818491225

89 1632818486962 31.273127777777777 121.50348055555556 23.54 -109.38 124.0 0.0 4.288 1632818491326

89 1632818486962 31.273126944444446 121.50348055555556 23.54 -109.38 124.0 0.0 4.288 1632818491427

98 1632818487966 31.27312611111111 121.50348027777778 23.54 -109.38 124.0 0.0 4.288 1632818491526

98 1632818487966 31.273125277777776 121.50348027777778 23.54 -109.38 124.0 0.0 4.288 1632818491626

98 1632818487966 31.273125 121.50348 23.54 -109.38 124.0 0.0 4.288 1632818491726

107 1632818488965 31.273124166666666 121.50348027777778 23.54 -109.38 124.0 0.0 4.288 1632818492733

107 1632818488965 31.273123333333334 121.50348055555556 23.54 -109.38 124.0 0.0 4.288 1632818492832

107 1632818488965 31.273122222222224 121.50348083333333 23.54 -109.38 124.0 0.0 4.288 1632818492932

107 1632818488965 31.27312111111111 121.50348083333333 23.54 -109.38 124.0 0.0 4.288 1632818493032

107 1632818488965 31.27312 121.50348111111111 23.54 -109.38 124.0 0.0 4.288 1632818493133

107 1632818488965 31.273119166666667 121.50348111111111 23.54 -109.38 124.0 0.0 4.288 1632818493233

107 1632818488965 31.273118055555557 121.50348138888889 23.54 -109.38 124.0 0.0 4.288 1632818493333

107 1632818488965 31.273117222222222 121.50348166666667 23.54 -109.38 124.0 0.0 4.288 1632818493434

103 1632818489969 31.27311611111111 121.50348166666667 23.54 -109.38 124.0 0.0 4.288 1632818493533

103 1632818489969 31.273115 121.50348194444445 23.54 -109.38 124.0 0.0 4.288 1632818493632

108 1632818490968 31.273114166666666 121.50348222222222 23.54 -109.38 124.0 0.0 4.288 1632818494735

108 1632818490968 31.273113333333335 121.5034825 23.54 -109.38 124.0 0.0 4.288 1632818494836

108 1632818490968 31.2731125 121.50348277777778 23.54 -109.38 124.0 0.0 4.288 1632818494936

108 1632818490968 31.273111666666665 121.50348333333334 23.54 -109.38 124.0 0.0 4.288 1632818495036

108 1632818490968 31.273110833333334 121.50348361111111 23.54 -109.38 124.0 0.0 4.288 1632818495136

108 1632818490968 31.273109722222223 121.5034838888889 23.54 -109.38 124.0 0.0 4.288 1632818495236

108 1632818490968 31.27310888888889 121.50348416666667 23.54 -109.38 124.0 0.0 4.288 1632818495336

113 1632818491972 31.273108055555557 121.50348444444444 23.54 -109.38 124.0 0.0 4.288 1632818495436

113 1632818491972 31.273107222222222 121.50348472222223 23.54 -109.38 124.0 0.0 4.288 1632818495537

113 1632818491972 31.27310611111111 121.503485 23.54 -109.38 124.0 0.0 4.288 1632818495636

110 1632818497422 31.273081666666666 121.50345777777778 23.54 -109.38 133.75275 0.0 4.288 1632818501844

110 1632818497631 31.273081666666666 121.50345777777778 23.54 -109.38 133.75275 0.0 4.288 1632818501844

110 1632818497702 31.273081666666666 121.50345777777778 23.54 -109.38 133.75275 0.0 4.288 1632818502183

59 1632818499176 31.273081666666666 121.50345777777778 23.54 -109.38 133.75275 0.0 4.288 1632818503530

75 1632818509009 31.27310611111111 121.503485 23.54 -109.38 124.0 0.0 4.288 1632818513445

99 1632818529328 31.273106388888888 121.50348527777778 23.54 -109.38 124.0 0.0 5.36 1632818533703

23 1632818529389 31.273107222222222 121.50348583333333 23.54 -109.38 124.0 0.0 5.36 1632818533803

106 1632818529446 31.273107777777778 121.50348638888889 23.54 -109.38 124.0 0.0 5.36 1632818533903

131 1632818529515 31.273108611111113 121.50348722222222 23.54 -109.38 124.0 0.0 5.36 1632818534003

130 1632818529619 31.273109444444444 121.50348777777778 23.54 -109.38 124.0 0.0 5.36 1632818534104

128 1632818529725 31.27311027777778 121.50348833333334 23.54 -109.38 124.0 0.0 5.36 1632818534204

116 1632818529821 31.27311111111111 121.5034888888889 23.54 -109.38 124.0 0.0 5.36 1632818534304

119 1632818529919 31.273111944444445 121.50348944444444 23.54 -109.38 124.0 0.0 5.36 1632818534404

131 1632818530139 31.27311277777778 121.50349 23.54 -109.38 124.0 0.0 5.36 1632818534505

129 1632818530410 31.27311361111111 121.50349083333333 23.54 -109.38 124.0 0.0 5.36 1632818534605

129 1632818530410 31.27311388888889 121.50349111111112 23.54 -109.38 124.0 0.0 5.36 1632818534704

132 1632818543265 31.27311361111111 121.50349222222222 23.54 -109.38 124.62985 3.672 9.648001 1632818547737

128 1632818543357 31.27311277777778 121.50349388888888 23.54 -109.38 125.59885 3.672 9.648001 1632818547838

123 1632818543459 31.273111944444445 121.50349555555556 23.54 -109.38 126.577545 3.672 9.648001 1632818547939

5 1632818543606 31.27311111111111 121.50349722222222 23.54 -109.38 127.556244 3.672 9.648001 1632818548039

89 1632818543681 31.27311027777778 121.50349888888888 23.54 -109.38 128.52524 3.672 9.648001 1632818548140

122 1632818543765 31.273109444444444 121.50350083333333 23.54 -109.38 129.49423 3.672 9.648001 1632818548239

125 1632818543855 31.273108611111113 121.5035025 23.54 -109.38 130.46323 3.672 9.648001 1632818548340

125 1632818543960 31.273107777777778 121.50350416666667 23.54 -109.38 131.44193 3.672 9.648001 1632818548441

124 1632818544079 31.273107222222222 121.50350583333334 23.54 -109.38 132.42062 3.672 9.648001 1632818548542

124 1632818544164 31.273106388888888 121.5035075 23.54 -109.38 133.38962 3.672 9.648001 1632818548640

122 1632818544287 31.273105277777777 121.50350888888889 23.54 -109.38 133.69925 3.8520002 9.648001 1632818548740

122 1632818544375 31.273104166666666 121.50351 23.54 -109.38 133.71024 3.8520002 9.648001 1632818548842

122 1632818544459 31.273103333333335 121.50351111111111 23.54 -109.38 133.72125 3.8520002 9.648001 1632818548941

121 1632818544560 31.2731025 121.50351194444444 23.54 -109.38 133.73224 3.8520002 9.648001 1632818549041

118 1632818544667 31.273101666666665 121.50351305555556 23.54 -109.38 133.74323 3.8520002 9.648001 1632818549141

116 1632818544767 31.273100833333334 121.50351388888889 23.54 -109.38 133.75424 3.8520002 9.648001 1632818549241

119 1632818544858 31.273099722222224 121.503515 23.54 -109.38 133.76523 3.8520002 9.648001 1632818549341

117 1632818544962 31.27309888888889 121.50351611111111 23.54 -109.38 133.77625 3.8520002 9.648001 1632818549441

117 1632818545077 31.273098055555554 121.50351694444444 23.54 -109.38 133.78723 3.8520002 9.648001 1632818549541

117 1632818545164 31.273096944444443 121.50351805555556 23.54 -109.38 133.79822 3.8520002 9.648001 1632818549640

116 1632818545289 31.273096111111112 121.50351888888889 23.54 -109.38 133.81519 4.644 9.648001 1632818549741

116 1632818545365 31.273095 121.50352027777778 23.54 -109.38 133.83539 4.644 9.648001 1632818549843

115 1632818545479 31.273093888888887 121.50352138888888 23.54 -109.38 133.85538 4.644 9.648001 1632818549943

114 1632818545563 31.273092777777777 121.5035225 23.54 -109.38 133.87558 4.644 9.648001 1632818550044

115 1632818545674 31.273091666666666 121.5035236111111 23.54 -109.38 133.8956 4.644 9.648001 1632818550144

115 1632818545762 31.273090555555555 121.50352472222222 23.54 -109.38 133.91559 4.644 9.648001 1632818550243

114 1632818545874 31.273089444444444 121.50352583333333 23.54 -109.38 133.93561 4.644 9.648001 1632818550344

113 1632818545966 31.273088333333334 121.50352666666667 23.54 -109.38 133.95581 4.644 9.648001 1632818550445

112 1632818546074 31.273087222222223 121.50352805555555 23.54 -109.38 133.9758 4.644 9.648001 1632818550545

112 1632818546157 31.273085555555557 121.50352972222223 23.54 -109.38 134.0014 10.007999 9.648001 1632818550645

114 1632818546280 31.27308361111111 121.50353166666666 23.54 -109.38 134.01141 10.007999 9.648001 1632818550746

110 1632818546451 31.273081666666666 121.5035338888889 23.54 -109.38 134.0214 10.007999 9.648001 1632818550847

111 1632818546516 31.27308 121.50353611111112 23.54 -109.38 134.0314 10.007999 9.648001 1632818550947

108 1632818546803 31.273078055555555 121.50353833333334 23.54 -109.38 134.0415 10.007999 9.648001 1632818551047

108 1632818546803 31.273076111111113 121.50354055555556 23.54 -109.38 134.0516 10.007999 9.648001 1632818551149

111 1632818546893 31.273074166666667 121.50354277777778 23.54 -109.38 134.06161 10.007999 9.648001 1632818551248

111 1632818546893 31.2730725 121.503545 23.54 -109.38 134.0716 10.007999 9.648001 1632818551348

105 1632818546964 31.273070555555556 121.50354722222222 23.54 -109.38 134.0817 10.007999 9.648001 1632818551448

101 1632818547075 31.27306861111111 121.50354916666667 23.54 -109.38 134.09192 10.007999 9.648001 1632818551551

86 1632818547178 31.273067222222224 121.50355111111111 23.54 -109.38 134.1 10.007999 9.648001 1632818551651

118 1632818547284 31.273064722222223 121.50355416666666 23.54 -109.38 134.12146 17.64 9.648001 1632818551751

123 1632818547409 31.273061388888888 121.50355833333333 23.54 -109.38 134.15076 17.64 9.648001 1632818551852

105 1632818548064 31.273058333333335 121.5035625 23.54 -109.38 134.17975 17.64 9.648001 1632818551953

105 1632818548064 31.273054722222223 121.50356666666667 23.54 -109.38 134.20905 17.64 9.648001 1632818552053

105 1632818548064 31.273051388888888 121.50357083333333 23.54 -109.38 134.23834 17.64 9.648001 1632818552154

105 1632818548064 31.273048333333332 121.503575 23.54 -109.38 134.26764 17.64 9.648001 1632818552255

105 1632818548064 31.273045 121.50357916666667 23.54 -109.38 134.29663 17.64 9.648001 1632818552355

105 1632818548064 31.273041666666668 121.50358333333334 23.54 -109.38 134.32593 17.64 9.648001 1632818552457

98 1632818549063 31.273038333333332 121.5035875 23.54 -109.38 134.35522 17.64 9.648001 1632818552557

98 1632818549063 31.273035 121.50359166666667 23.54 -109.38 134.38422 17.64 9.648001 1632818552656

98 1632818549063 31.27303 121.50359861111112 23.54 -109.38 134.5581 25.452 9.648001 1632818552757

98 1632818549063 31.273025 121.50360555555555 23.54 -109.38 134.74908 25.452 9.648001 1632818552859

98 1632818549063 31.27302 121.50361277777778 23.54 -109.38 134.94391 25.452 9.648001 1632818552960

98 1632818549063 31.273015277777777 121.50361972222223 23.54 -109.38 135.13681 25.452 9.648001 1632818553062

98 1632818549063 31.27301027777778 121.50362666666666 23.54 -109.38 135.32782 25.452 9.648001 1632818553162

98 1632818549063 31.273005277777777 121.50363388888888 23.54 -109.38 135.5188 25.452 9.648001 1632818553262

98 1632818549063 31.273000555555555 121.50364083333334 23.54 -109.38 135.71173 25.452 9.648001 1632818553363

98 1632818549063 31.272995555555557 121.50364777777777 23.54 -109.38 135.90463 25.452 9.648001 1632818553464

16 1632818550067 31.272990555555555 121.503655 23.54 -109.38 136.09561 25.452 9.648001 1632818553564

16 1632818550067 31.272985833333333 121.50366194444445 23.54 -109.38 136.28851 25.452 9.648001 1632818553663

16 1632818550067 31.27297888888889 121.50366861111111 23.54 -109.38 136.6738 34.716003 9.648001 1632818553763

16 1632818550067 31.272971666666667 121.50367555555556 23.54 -109.38 137.09799 34.716003 9.648001 1632818553865

16 1632818550067 31.272964444444444 121.5036825 23.54 -109.38 137.518 34.716003 9.648001 1632818553966

16 1632818550067 31.27295722222222 121.50368944444445 23.54 -109.38 137.93799 34.716003 9.648001 1632818554066

16 1632818550067 31.272949722222222 121.50369638888888 23.54 -109.38 138.36218 34.716003 9.648001 1632818554166

16 1632818550067 31.2729425 121.50370333333333 23.54 -109.38 138.7822 34.716003 9.648001 1632818554266

16 1632818550067 31.272935277777776 121.50371027777778 23.54 -109.38 139.20221 34.716003 9.648001 1632818554366

16 1632818550067 31.272928055555557 121.50371722222222 23.54 -109.38 139.6222 34.716003 9.648001 1632818554467

76 1632818551066 31.272920833333334 121.50372416666667 23.54 -109.38 140.0422 34.716003 9.648001 1632818554566

76 1632818551066 31.27291361111111 121.50373111111111 23.54 -109.38 140.4664 34.716003 9.648001 1632818554666

76 1632818551066 31.272905277777777 121.50373888888889 23.54 -109.38 140.55939 40.008 9.648001 1632818554769

76 1632818551066 31.27289777777778 121.50374638888889 23.54 -109.38 140.61942 40.008 9.648001 1632818554867

76 1632818551066 31.27289 121.50375361111111 23.54 -109.38 140.67941 40.008 9.648001 1632818554968

76 1632818551066 31.2728825 121.50376111111112 23.54 -109.38 140.73941 40.008 9.648001 1632818555068

76 1632818551066 31.272874722222223 121.50376861111111 23.54 -109.38 140.79941 40.008 9.648001 1632818555168

76 1632818551066 31.27286722222222 121.50377583333334 23.54 -109.38 140.8594 40.008 9.648001 1632818555268

76 1632818551066 31.272859444444446 121.50378333333333 23.54 -109.38 140.92001 40.008 9.648001 1632818555368

76 1632818551066 31.272851666666668 121.50379083333333 23.54 -109.38 140.98001 40.008 9.648001 1632818555469

118 1632818552070 31.272844166666665 121.50379805555555 23.54 -109.38 141.04001 40.008 9.648001 1632818555569

118 1632818552070 31.272834166666666 121.50380777777778 23.54 -109.38 141.02682 44.868 9.648001 1632818555667

118 1632818552070 31.272825555555556 121.50381722222222 23.54 -109.38 140.75583 44.868 9.648001 1632818555768

118 1632818552070 31.272816666666667 121.50382638888888 23.54 -109.38 140.47943 44.868 9.648001 1632818555870

118 1632818552070 31.27280777777778 121.50383583333333 23.54 -109.38 140.2084 44.868 9.648001 1632818555971

118 1632818552070 31.272799166666665 121.503845 23.54 -109.38 139.93472 44.868 9.648001 1632818556071

118 1632818552070 31.272790277777776 121.50385416666667 23.54 -109.38 139.6637 44.868 9.648001 1632818556172

118 1632818552070 31.272781666666667 121.50386361111111 23.54 -109.38 139.39001 44.868 9.648001 1632818556271

118 1632818552070 31.272772777777778 121.50387277777777 23.54 -109.38 139.1163 44.868 9.648001 1632818556374

118 1632818552070 31.272764166666665 121.50388222222222 23.54 -109.38 138.8453 44.868 9.648001 1632818556474

112 1632818553073 31.272755555555555 121.50389138888889 23.54 -109.38 138.57428 44.868 9.648001 1632818556574

112 1632818553073 31.272747222222222 121.50390027777777 23.54 -109.38 138.34866 49.836002 9.648001 1632818556673

112 1632818553073 31.272738055555557 121.50391 23.54 -109.38 138.18967 49.836002 9.648001 1632818556773

112 1632818553073 31.27272888888889 121.50392 23.54 -109.38 138.02908 49.836002 9.648001 1632818556876

112 1632818553073 31.272719722222224 121.50393 23.54 -109.38 137.8685 49.836002 9.648001 1632818556975

112 1632818553073 31.272710555555555 121.50394 23.54 -109.38 137.70947 49.836002 9.648001 1632818557076

112 1632818553073 31.27270138888889 121.50394972222222 23.54 -109.38 137.55048 49.836002 9.648001 1632818557177

112 1632818553073 31.272692222222222 121.50395972222222 23.54 -109.38 137.39148 49.836002 9.648001 1632818557277

112 1632818553073 31.272683055555557 121.50396944444445 23.54 -109.38 137.23248 49.836002 9.648001 1632818557377

112 1632818553073 31.27267361111111 121.50397972222223 23.54 -109.38 137.07028 49.836002 9.648001 1632818557478

133 1632818554073 31.272664444444445 121.50398972222222 23.54 -109.38 136.9097 49.836002 9.648001 1632818557578

133 1632818554073 31.272657777777777 121.50399694444444 23.54 -109.38 136.79648 53.472 9.648001 1632818557678

133 1632818554073 31.2726475 121.50400805555556 23.54 -109.38 136.7258 53.472 9.648001 1632818557780

133 1632818554073 31.2726375 121.50401916666667 23.54 -109.38 136.65579 53.472 9.648001 1632818557880

133 1632818554073 31.272627222222223 121.50403027777777 23.54 -109.38 136.58578 53.472 9.648001 1632818557979

133 1632818554073 31.272617222222223 121.5040413888889 23.54 -109.38 136.51581 53.472 9.648001 1632818558080

133 1632818554073 31.272607222222224 121.5040525 23.54 -109.38 136.4458 53.472 9.648001 1632818558179

133 1632818554073 31.272596944444444 121.5040636111111 23.54 -109.38 136.37509 53.472 9.648001 1632818558279

133 1632818554073 31.272586666666665 121.50407472222223 23.54 -109.38 136.30511 53.472 9.648001 1632818558381

133 1632818554073 31.272576666666666 121.50408583333333 23.54 -109.38 136.2351 53.472 9.648001 1632818558480

127 1632818555076 31.272566666666666 121.50409694444444 23.54 -109.38 136.1651 53.472 9.648001 1632818558580

127 1632818555076 31.27255611111111 121.5041086111111 23.54 -109.38 136.08548 56.856 9.648001 1632818558680

127 1632818555076 31.272545833333332 121.50412083333333 23.54 -109.38 135.96448 56.856 9.648001 1632818558781

127 1632818555076 31.272535555555557 121.50413333333333 23.54 -109.38 135.84229 56.856 9.648001 1632818558882

127 1632818555076 31.272525555555557 121.50414555555555 23.54 -109.38 135.72128 56.856 9.648001 1632818558983

127 1632818555076 31.272515277777778 121.50415777777778 23.54 -109.38 135.60028 56.856 9.648001 1632818559082

127 1632818555076 31.27250527777778 121.50417 23.54 -109.38 135.47806 56.856 9.648001 1632818559186

127 1632818555076 31.272495 121.5041825 23.54 -109.38 135.35709 56.856 9.648001 1632818559282

127 1632818555076 31.272484722222224 121.50419472222222 23.54 -109.38 135.23486 56.856 9.648001 1632818559385

127 1632818555076 31.27247472222222 121.50420694444445 23.54 -109.38 135.11386 56.856 9.648001 1632818559485

120 1632818556076 31.27246472222222 121.50421916666667 23.54 -109.38 134.99286 56.856 9.648001 1632818559584

120 1632818556076 31.272454166666666 121.50423194444444 23.54 -109.38 134.88507 62.148003 9.648001 1632818559683

120 1632818556076 31.272442777777776 121.50424527777778 23.54 -109.38 134.85608 62.148003 9.648001 1632818559785

120 1632818556076 31.27243138888889 121.50425861111111 23.54 -109.38 134.82709 62.148003 9.648001 1632818559885

120 1632818556076 31.27242 121.50427222222223 23.54 -109.38 134.7981 62.148003 9.648001 1632818559985

120 1632818556076 31.27240888888889 121.50428555555555 23.54 -109.38 134.76907 62.148003 9.648001 1632818560084

120 1632818556076 31.2723975 121.50429888888888 23.54 -109.38 134.74008 62.148003 9.648001 1632818560184

120 1632818556076 31.27238611111111 121.5043125 23.54 -109.38 134.71109 62.148003 9.648001 1632818560284

120 1632818556076 31.272375 121.50432583333334 23.54 -109.38 134.68207 62.148003 9.648001 1632818560384

120 1632818556076 31.27236361111111 121.50433916666667 23.54 -109.38 134.65308 62.148003 9.648001 1632818560484

97 1632818557079 31.27235222222222 121.50435277777778 23.54 -109.38 134.62408 62.148003 9.648001 1632818560584

97 1632818557079 31.272337222222223 121.50437055555555 23.54 -109.38 134.5947 61.427998 9.648001 1632818560684

97 1632818557079 31.27232638888889 121.50438333333334 23.54 -109.38 134.58472 61.427998 9.648001 1632818560783

97 1632818557079 31.272315555555554 121.5043961111111 23.54 -109.38 134.5747 61.427998 9.648001 1632818560885

97 1632818557079 31.272304722222223 121.50440888888889 23.54 -109.38 134.5646 61.427998 9.648001 1632818560985

97 1632818557079 31.27229388888889 121.50442138888889 23.54 -109.38 134.55472 61.427998 9.648001 1632818561085

97 1632818557079 31.272283333333334 121.50443388888888 23.54 -109.38 134.54471 61.427998 9.648001 1632818561184

97 1632818557079 31.2722725 121.50444666666667 23.54 -109.38 134.5347 61.427998 9.648001 1632818561284

97 1632818557079 31.27226138888889 121.50445944444445 23.54 -109.38 134.5246 61.427998 9.648001 1632818561385

97 1632818557079 31.272250555555555 121.50447222222222 23.54 -109.38 134.5145 61.427998 9.648001 1632818561485

114 1632818558078 31.27223972222222 121.504485 23.54 -109.38 134.5044 61.427998 9.648001 1632818561587

114 1632818558078 31.272232777777777 121.50449361111112 23.54 -109.38 134.5069 59.16 9.648001 1632818561686

114 1632818558078 31.272222777777777 121.50450666666667 23.54 -109.38 134.5375 59.16 9.648001 1632818561789

114 1632818558078 31.272213333333333 121.50451944444444 23.54 -109.38 134.56781 59.16 9.648001 1632818561890

114 1632818558078 31.27220361111111 121.50453222222222 23.54 -109.38 134.59781 59.16 9.648001 1632818561990

114 1632818558078 31.27219388888889 121.504545 23.54 -109.38 134.62808 59.16 9.648001 1632818562092

114 1632818558078 31.272184444444445 121.50455777777778 23.54 -109.38 134.65808 59.16 9.648001 1632818562191

114 1632818558078 31.27217472222222 121.50457055555556 23.54 -109.38 134.68808 59.16 9.648001 1632818562291

114 1632818558078 31.272165277777777 121.50458333333333 23.54 -109.38 134.71808 59.16 9.648001 1632818562391

114 1632818558078 31.272155555555557 121.50459583333334 23.54 -109.38 134.74808 59.16 9.648001 1632818562492

128 1632818559082 31.272146111111113 121.50460861111111 23.54 -109.38 134.77808 59.16 9.648001 1632818562592

128 1632818559082 31.2721375 121.50461972222222 23.54 -109.38 134.79999 57.252 9.648001 1632818562690

128 1632818559082 31.272128333333335 121.50463111111111 23.54 -109.38 134.79999 57.252 9.648001 1632818562791

128 1632818559082 31.27211888888889 121.5046425 23.54 -109.38 134.79999 57.252 9.648001 1632818562892

128 1632818559082 31.272109722222222 121.50465388888888 23.54 -109.38 134.79999 57.252 9.648001 1632818562993

128 1632818559082 31.272100555555557 121.504665 23.54 -109.38 134.79999 57.252 9.648001 1632818563093

128 1632818559082 31.27209138888889 121.50467638888888 23.54 -109.38 134.79999 57.252 9.648001 1632818563194

128 1632818559082 31.272081944444444 121.50468777777778 23.54 -109.38 134.79999 57.252 9.648001 1632818563295

128 1632818559082 31.272072777777776 121.50469888888888 23.54 -109.38 134.79999 57.252 9.648001 1632818563395

128 1632818559082 31.27206361111111 121.50471027777778 23.54 -109.38 134.79999 57.252 9.648001 1632818563496

120 1632818560086 31.272054166666667 121.50472166666667 23.54 -109.38 134.79999 57.252 9.648001 1632818563597

120 1632818560086 31.272045277777778 121.5047325 23.54 -109.38 134.79459 53.472 9.648001 1632818563696

120 1632818560086 31.272036666666665 121.5047425 23.54 -109.38 134.76459 53.472 9.648001 1632818563797

120 1632818560086 31.272028333333335 121.5047525 23.54 -109.38 134.73459 53.472 9.648001 1632818563896

120 1632818560086 31.272019722222222 121.50476277777778 23.54 -109.38 134.70459 53.472 9.648001 1632818563997

120 1632818560086 31.272011111111112 121.50477277777777 23.54 -109.38 134.67459 53.472 9.648001 1632818564097

120 1632818560086 31.2720025 121.50478277777778 23.54 -109.38 134.64459 53.472 9.648001 1632818564196

120 1632818560086 31.27199388888889 121.50479277777778 23.54 -109.38 134.61429 53.472 9.648001 1632818564297

117 1632818561085 31.271985277777777 121.50480305555556 23.54 -109.38 134.58429 53.472 9.648001 1632818564398

117 1632818561085 31.271976666666667 121.50481305555556 23.54 -109.38 134.55429 53.472 9.648001 1632818564497

117 1632818561085 31.271968055555554 121.50482333333333 23.54 -109.38 134.52399 53.472 9.648001 1632818564598

117 1632818561085 31.27195777777778 121.50483472222223 23.54 -109.38 134.4762 49.656 9.648001 1632818564698

117 1632818561085 31.27194972222222 121.50484416666667 23.54 -109.38 134.41461 49.656 9.648001 1632818564800

117 1632818561085 31.271941388888887 121.50485361111112 23.54 -109.38 134.353 49.656 9.648001 1632818564900

117 1632818561085 31.271933055555557 121.50486305555556 23.54 -109.38 134.29138 49.656 9.648001 1632818565003

117 1632818561085 31.271925 121.50487222222222 23.54 -109.38 134.23099 49.656 9.648001 1632818565101

117 1632818561085 31.271916666666666 121.50488138888889 23.54 -109.38 134.16998 49.656 9.648001 1632818565201

117 1632818561085 31.27190861111111 121.50489083333333 23.54 -109.38 134.10901 49.656 9.648001 1632818565300

117 1632818561085 31.271900277777778 121.5049 23.54 -109.38 134.0474 49.656 9.648001 1632818565402

117 1632818561085 31.271892222222224 121.50490944444445 23.54 -109.38 133.98639 49.656 9.648001 1632818565502

112 1632818562088 31.27188388888889 121.50491861111111 23.54 -109.38 133.92538 49.656 9.648001 1632818565600

112 1632818562088 31.271874722222222 121.50493027777777 23.54 -109.38 133.87057 46.452 9.648001 1632818565701

112 1632818562088 31.2718675 121.50493944444445 23.54 -109.38 133.84158 46.452 9.648001 1632818565802

112 1632818562088 31.271860555555556 121.50494861111112 23.54 -109.38 133.81259 46.452 9.648001 1632818565903

112 1632818562088 31.271853611111112 121.50495777777778 23.54 -109.38 133.78357 46.452 9.648001 1632818566001

112 1632818562088 31.27184638888889 121.50496694444445 23.54 -109.38 133.7543 46.452 9.648001 1632818566103

112 1632818562088 31.271839166666666 121.5049761111111 23.54 -109.38 133.72528 46.452 9.648001 1632818566202

112 1632818562088 31.271832222222223 121.50498527777778 23.54 -109.38 133.69629 46.452 9.648001 1632818566303

112 1632818562088 31.27182527777778 121.50499444444445 23.54 -109.38 133.6673 46.452 9.648001 1632818566402

104 1632818563087 31.271818333333332 121.5050036111111 23.54 -109.38 133.63828 46.452 9.648001 1632818566503

104 1632818563087 31.271811111111113 121.50501277777778 23.54 -109.38 133.60928 46.452 9.648001 1632818566603

104 1632818563087 31.271806666666667 121.50501833333334 23.54 -109.38 133.62125 41.016003 9.648001 1632818566702

104 1632818563087 31.2718 121.50502555555556 23.54 -109.38 133.68085 41.016003 9.648001 1632818566803

104 1632818563087 31.27179361111111 121.50503277777777 23.54 -109.38 133.73984 41.016003 9.648001 1632818566904

104 1632818563087 31.271787222222223 121.50504 23.54 -109.38 133.79883 41.016003 9.648001 1632818567004

104 1632818563087 31.271780833333334 121.50504722222222 23.54 -109.38 133.85843 41.016003 9.648001 1632818567104

104 1632818563087 31.271774444444443 121.50505444444444 23.54 -109.38 133.91742 41.016003 9.648001 1632818567205

104 1632818563087 31.27176777777778 121.50506166666666 23.54 -109.38 133.97702 41.016003 9.648001 1632818567305

104 1632818563087 31.27176138888889 121.50506888888889 23.54 -109.38 134.03659 41.016003 9.648001 1632818567408

112 1632818564091 31.271755 121.50507611111111 23.54 -109.38 134.09619 41.016003 9.648001 1632818567507

112 1632818564091 31.27174861111111 121.50508333333333 23.54 -109.38 134.15518 41.016003 9.648001 1632818567607

112 1632818564091 31.271742222222223 121.50509027777778 23.54 -109.38 134.21927 35.4 9.648001 1632818567707

112 1632818564091 31.271736944444445 121.50509638888889 23.54 -109.38 134.28027 35.4 9.648001 1632818567808

112 1632818564091 31.271731666666668 121.5051025 23.54 -109.38 134.34128 35.4 9.648001 1632818567908

112 1632818564091 31.271726666666666 121.50510833333334 23.54 -109.38 134.40228 35.4 9.648001 1632818568009

112 1632818564091 31.27172138888889 121.50511444444444 23.54 -109.38 134.4639 35.4 9.648001 1632818568109

112 1632818564091 31.27171611111111 121.50512027777778 23.54 -109.38 134.52487 35.4 9.648001 1632818568208

112 1632818564091 31.27171111111111 121.50512638888888 23.54 -109.38 134.58588 35.4 9.648001 1632818568309

112 1632818564091 31.271705833333332 121.5051325 23.54 -109.38 134.64688 35.4 9.648001 1632818568408

118 1632818565091 31.271700555555555 121.50513833333333 23.54 -109.38 134.70789 35.4 9.648001 1632818568509

118 1632818565091 31.271695277777777 121.50514416666667 23.54 -109.38 134.76889 35.4 9.648001 1632818568609

118 1632818565091 31.271690833333334 121.50514944444444 23.54 -109.38 134.74799 27.54 9.648001 1632818568708

118 1632818565091 31.271686388888888 121.50515444444444 23.54 -109.38 134.61798 27.54 9.648001 1632818568808

118 1632818565091 31.27168222222222 121.50515972222222 23.54 -109.38 134.4867 27.54 9.648001 1632818568909

118 1632818565091 31.27167777777778 121.50516472222222 23.54 -109.38 134.35669 27.54 9.648001 1632818569009

118 1632818565091 31.271673333333332 121.50516972222222 23.54 -109.38 134.2254 27.54 9.648001 1632818569111

118 1632818565091 31.27166888888889 121.505175 23.54 -109.38 134.09409 27.54 9.648001 1632818569211

118 1632818565091 31.271664166666667 121.50518 23.54 -109.38 133.96408 27.54 9.648001 1632818569311

118 1632818565091 31.27166 121.505185 23.54 -109.38 133.8328 27.54 9.648001 1632818569412

118 1632818565091 31.27165527777778 121.50519027777777 23.54 -109.38 133.7015 27.54 9.648001 1632818569514

109 1632818566093 31.27165111111111 121.50519527777777 23.54 -109.38 133.5715 27.54 9.648001 1632818569613

109 1632818566093 31.271646666666665 121.50520027777777 23.54 -109.38 133.50989 22.752 9.648001 1632818569713

109 1632818566093 31.2716425 121.50520472222222 23.54 -109.38 133.52887 22.752 9.648001 1632818569814

109 1632818566093 31.27163861111111 121.50520916666666 23.54 -109.38 133.54807 22.752 9.648001 1632818569915

109 1632818566093 31.271634722222224 121.50521361111112 23.54 -109.38 133.56708 22.752 9.648001 1632818570015

109 1632818566093 31.271630833333333 121.50521777777777 23.54 -109.38 133.58606 22.752 9.648001 1632818570115

109 1632818566093 31.271626666666666 121.5052225 23.54 -109.38 133.60565 22.752 9.648001 1632818570217

109 1632818566093 31.27162277777778 121.50522694444444 23.54 -109.38 133.62463 22.752 9.648001 1632818570318

109 1632818566093 31.271618888888888 121.50523138888889 23.54 -109.38 133.64365 22.752 9.648001 1632818570418

109 1632818566093 31.271615 121.50523583333333 23.54 -109.38 133.66263 22.752 9.648001 1632818570518

114 1632818567094 31.271610833333334 121.50524 23.54 -109.38 133.68164 22.752 9.648001 1632818570617

114 1632818567094 31.271607777777778 121.50524361111111 23.54 -109.38 133.6955 17.568 9.648001 1632818570716

114 1632818567094 31.271605 121.50524666666666 23.54 -109.38 133.70651 17.568 9.648001 1632818570818

114 1632818567094 31.27160222222222 121.50525 23.54 -109.38 133.71762 17.568 9.648001 1632818570918

114 1632818567094 31.271599166666668 121.50525333333333 23.54 -109.38 133.7286 17.568 9.648001 1632818571019

114 1632818567094 31.271596388888888 121.5052563888889 23.54 -109.38 133.73972 17.568 9.648001 1632818571119

114 1632818567094 31.27159361111111 121.50525972222222 23.54 -109.38 133.75082 17.568 9.648001 1632818571221

114 1632818567094 31.271590833333335 121.50526305555556 23.54 -109.38 133.76181 17.568 9.648001 1632818571320

114 1632818567094 31.271588055555554 121.50526611111111 23.54 -109.38 133.77283 17.568 9.648001 1632818571421

114 1632818567094 31.271585 121.50526944444445 23.54 -109.38 133.78381 17.568 9.648001 1632818571521

113 1632818568097 31.27158222222222 121.5052725 23.54 -109.38 133.79492 17.568 9.648001 1632818571621

113 1632818568097 31.27157972222222 121.50527555555556 23.54 -109.38 133.80484 13.284 9.648001 1632818571720

113 1632818568097 31.271577222222223 121.50527833333334 23.54 -109.38 133.81384 13.284 9.648001 1632818571822

113 1632818568097 31.271574444444443 121.50528083333333 23.54 -109.38 133.82285 13.284 9.648001 1632818571922

113 1632818568097 31.271571944444446 121.50528361111111 23.54 -109.38 133.83185 13.284 9.648001 1632818572022

113 1632818568097 31.271569444444445 121.50528638888889 23.54 -109.38 133.84085 13.284 9.648001 1632818572122

113 1632818568097 31.271566666666665 121.50528888888888 23.54 -109.38 133.84985 13.284 9.648001 1632818572220

113 1632818568097 31.271564166666668 121.50529166666666 23.54 -109.38 133.85895 13.284 9.648001 1632818572323

113 1632818568097 31.271561666666667 121.50529444444444 23.54 -109.38 133.86804 13.284 9.648001 1632818572424

112 1632818569100 31.271559166666666 121.50529722222223 23.54 -109.38 133.87714 13.284 9.648001 1632818572524

112 1632818569100 31.27155638888889 121.50529972222222 23.54 -109.38 133.88614 13.284 9.648001 1632818572623

112 1632818569100 31.271554444444444 121.50530222222223 23.54 -109.38 133.89682 8.676001 9.648001 1632818572724

112 1632818569100 31.271553055555554 121.50530416666666 23.54 -109.38 133.90793 8.676001 9.648001 1632818572825

112 1632818569100 31.271551666666667 121.50530611111111 23.54 -109.38 133.91904 8.676001 9.648001 1632818572926

112 1632818569100 31.271550277777777 121.50530833333333 23.54 -109.38 133.93005 8.676001 9.648001 1632818573027

112 1632818569100 31.27154861111111 121.50531027777778 23.54 -109.38 133.94116 8.676001 9.648001 1632818573129

112 1632818569100 31.27154722222222 121.50531222222222 23.54 -109.38 133.95227 8.676001 9.648001 1632818573229

112 1632818569100 31.271545833333334 121.50531416666666 23.54 -109.38 133.96326 8.676001 9.648001 1632818573331

112 1632818569100 31.271544444444444 121.50531611111111 23.54 -109.38 133.97437 8.676001 9.648001 1632818573430

112 1632818569100 31.27154277777778 121.50531833333334 23.54 -109.38 133.98538 8.676001 9.648001 1632818573530

110 1632818570100 31.27154138888889 121.50532 23.54 -109.38 133.99637 8.676001 9.648001 1632818573628

110 1632818570100 31.271540555555557 121.50532138888889 23.54 -109.38 134.0062 3.7799997 9.648001 1632818573728

110 1632818570100 31.27154 121.50532277777778 23.54 -109.38 134.0162 3.7799997 9.648001 1632818573830

110 1632818570100 31.271539444444443 121.5053238888889 23.54 -109.38 134.02621 3.7799997 9.648001 1632818573930

110 1632818570100 31.271538888888887 121.505325 23.54 -109.38 134.0362 3.7799997 9.648001 1632818574030

110 1632818570100 31.271538055555556 121.50532638888889 23.54 -109.38 134.0463 3.7799997 9.648001 1632818574130

110 1632818570100 31.2715375 121.5053275 23.54 -109.38 134.0563 3.7799997 9.648001 1632818574230

110 1632818570100 31.271536944444446 121.50532861111111 23.54 -109.38 134.0664 3.7799997 9.648001 1632818574331

110 1632818570100 31.27153638888889 121.50532972222223 23.54 -109.38 134.07642 3.7799997 9.648001 1632818574431

110 1632818570100 31.271535555555555 121.5053311111111 23.54 -109.38 134.0864 3.7799997 9.648001 1632818574531

110 1632818571103 31.271535 121.50533222222222 23.54 -109.38 134.0964 3.7799997 9.648001 1632818574630

110 1632818571103 31.27153472222222 121.5053325 23.54 -109.38 134.1 3.7799997 9.648001 1632818574731

113 1632818572102 31.271534444444445 121.50533333333334 23.54 -109.38 134.0924 1.116 9.648001 1632818575732

113 1632818572102 31.271534166666665 121.50533388888888 23.54 -109.38 134.0824 1.116 9.648001 1632818575833

113 1632818572102 31.27153361111111 121.50533472222222 23.54 -109.38 134.07242 1.116 9.648001 1632818575933

113 1632818572102 31.271533333333334 121.50533555555556 23.54 -109.38 134.06232 1.116 9.648001 1632818576033

113 1632818572102 31.27153277777778 121.5053361111111 23.54 -109.38 134.05222 1.116 9.648001 1632818576135

113 1632818572102 31.2715325 121.50533694444445 23.54 -109.38 134.0422 1.116 9.648001 1632818576234

113 1632818572103 31.271532222222223 121.50533777777778 23.54 -109.38 134.0321 1.116 9.648001 1632818576336

113 1632818572103 31.271531666666668 121.50533861111111 23.54 -109.38 134.0221 1.116 9.648001 1632818576436

113 1632818573106 31.27153138888889 121.50533916666667 23.54 -109.38 134.012 1.116 9.648001 1632818576537

113 1632818573106 31.271531111111113 121.50534 23.54 -109.38 134.00201 1.116 9.648001 1632818576635

113 1632818573106 31.271530833333333 121.50534027777778 23.54 -109.38 134.0 1.116 9.648001 1632818576736

113 1632818574271 31.271530833333333 121.50534027777778 23.54 -109.38 134.0 0.0 9.648001 1632818578740

113 1632818578337 31.27153 121.50534027777778 23.54 -109.38 134.0 0.0 10.72 1632818582753

116 1632818578418 31.271529166666667 121.50534083333334 23.54 -109.38 134.0 0.0 10.72 1632818582854

112 1632818578549 31.271528333333332 121.50534111111111 23.54 -109.38 134.0 0.0 10.72 1632818582954

110 1632818578657 31.2715275 121.5053413888889 23.54 -109.38 134.0 0.0 10.72 1632818583054

113 1632818579114 31.271526666666666 121.50534166666667 23.54 -109.38 134.0 0.0 10.72 1632818583154

113 1632818579114 31.27152583333333 121.50534166666667 23.54 -109.38 134.0 0.0 10.72 1632818583255

113 1632818579114 31.27152472222222 121.50534222222223 23.54 -109.38 134.0 0.0 10.72 1632818583354

113 1632818579114 31.27152388888889 121.5053425 23.54 -109.38 134.0 0.0 10.72 1632818583455

112 1632818580118 31.271523055555555 121.50534277777778 23.54 -109.38 134.0 0.0 10.72 1632818583556

112 1632818580118 31.271522222222224 121.50534305555556 23.54 -109.38 134.0 0.0 10.72 1632818583654

112 1632818580118 31.271521944444444 121.50534305555556 23.54 -109.38 134.0 0.0 10.72 1632818583754

110 1632818583351 31.271521944444444 121.50534305555556 23.54 -109.38 133.9992 4.788 9.648001 1632818587667

114 1632818583468 31.271520833333334 121.505345 23.54 -109.38 133.9592 4.788 9.648001 1632818587767

114 1632818583468 31.271519722222223 121.50534666666667 23.54 -109.38 133.9188 4.788 9.648001 1632818587873

113 1632818583570 31.271518333333333 121.50534861111112 23.54 -109.38 133.87839 4.788 9.648001 1632818587969

116 1632818584124 31.271517222222222 121.50535027777778 23.54 -109.38 133.83841 4.788 9.648001 1632818588069

116 1632818584124 31.27151611111111 121.50535222222223 23.54 -109.38 133.7984 4.788 9.648001 1632818588170

116 1632818584124 31.27151472222222 121.50535416666666 23.54 -109.38 133.75839 4.788 9.648001 1632818588269

116 1632818584124 31.27151361111111 121.50535583333334 23.54 -109.38 133.71841 4.788 9.648001 1632818588370

116 1632818584124 31.27151222222222 121.50535777777777 23.54 -109.38 133.67801 4.788 9.648001 1632818588471

116 1632818584124 31.27151111111111 121.50535972222222 23.54 -109.38 133.638 4.788 9.648001 1632818588570

102 1632818585123 31.271509722222223 121.50536138888889 23.54 -109.38 133.6 4.788 9.648001 1632818588669

102 1632818585123 31.27150888888889 121.50536222222222 23.54 -109.38 133.543 4.356 9.648001 1632818588770

102 1632818585123 31.271507777777778 121.50536333333334 23.54 -109.38 133.483 4.356 9.648001 1632818588870

102 1632818585123 31.271506666666667 121.50536416666667 23.54 -109.38 133.4224 4.356 9.648001 1632818588971

102 1632818585123 31.271505555555557 121.50536527777778 23.54 -109.38 133.36182 4.356 9.648001 1632818589073

102 1632818585123 31.271504444444446 121.50536638888889 23.54 -109.38 133.30179 4.356 9.648001 1632818589173

102 1632818585123 31.27150333333333 121.50536722222222 23.54 -109.38 133.24179 4.356 9.648001 1632818589272

102 1632818585123 31.27150222222222 121.50536833333334 23.54 -109.38 133.1818 4.356 9.648001 1632818589373

102 1632818585123 31.27150111111111 121.50536916666667 23.54 -109.38 133.1218 4.356 9.648001 1632818589472

102 1632818585123 31.2715 121.50537027777777 23.54 -109.38 133.0618 4.356 9.648001 1632818589572

110 1632818586126 31.27149888888889 121.50537138888889 23.54 -109.38 133.0018 4.356 9.648001 1632818589672

110 1632818586126 31.271498055555554 121.50537222222222 23.54 -109.38 132.92062 4.86 9.648001 1632818589772

110 1632818586126 31.271497222222223 121.50537333333334 23.54 -109.38 132.8388 4.86 9.648001 1632818589875

110 1632818586126 31.271496111111112 121.50537416666667 23.54 -109.38 132.75781 4.86 9.648001 1632818589975

110 1632818586126 31.271495277777777 121.50537527777777 23.54 -109.38 132.6752 4.86 9.648001 1632818590077

110 1632818586126 31.271494166666667 121.50537638888889 23.54 -109.38 132.59418 4.86 9.648001 1632818590177

110 1632818586126 31.271493333333332 121.5053775 23.54 -109.38 132.51318 4.86 9.648001 1632818590277

110 1632818586126 31.2714925 121.50537833333334 23.54 -109.38 132.42896 4.86 9.648001 1632818590382

110 1632818586126 31.271491666666666 121.50537944444444 23.54 -109.38 132.34796 4.86 9.648001 1632818590481

110 1632818586126 31.271490833333335 121.50538027777777 23.54 -109.38 132.26694 4.86 9.648001 1632818590580

114 1632818587126 31.27148972222222 121.50538138888889 23.54 -109.38 132.19 4.86 9.648001 1632818590679

114 1632818587126 31.27148861111111 121.50538305555555 23.54 -109.38 132.04599 8.604 9.648001 1632818590779

114 1632818587126 31.2714875 121.50538472222222 23.54 -109.38 131.8945 8.604 9.648001 1632818590881

114 1632818587126 31.27148638888889 121.5053863888889 23.54 -109.38 131.7445 8.604 9.648001 1632818590981

114 1632818587126 31.271485277777778 121.50538805555556 23.54 -109.38 131.59451 8.604 9.648001 1632818591082

114 1632818587126 31.271484166666667 121.50538972222222 23.54 -109.38 131.44449 8.604 9.648001 1632818591181

114 1632818587126 31.271483055555557 121.5053913888889 23.54 -109.38 131.293 8.604 9.648001 1632818591282

114 1632818587126 31.271481666666666 121.50539305555556 23.54 -109.38 131.143 8.604 9.648001 1632818591383

114 1632818587126 31.27148083333333 121.50539472222222 23.54 -109.38 130.99152 8.604 9.648001 1632818591484

110 1632818588130 31.27147972222222 121.50539638888888 23.54 -109.38 130.84149 8.604 9.648001 1632818591583

110 1632818588130 31.271478055555555 121.5053986111111 23.54 -109.38 130.68399 11.195999 9.648001 1632818591682

110 1632818588130 31.27147638888889 121.50540083333334 23.54 -109.38 130.65399 11.195999 9.648001 1632818591783

110 1632818588130 31.271475 121.50540305555556 23.54 -109.38 130.624 11.195999 9.648001 1632818591884

110 1632818588130 31.271473333333333 121.50540527777778 23.54 -109.38 130.594 11.195999 9.648001 1632818591983

110 1632818588130 31.271471666666667 121.5054075 23.54 -109.38 130.56372 11.195999 9.648001 1632818592084

110 1632818588130 31.271470277777777 121.50541 23.54 -109.38 130.53342 11.195999 9.648001 1632818592188

110 1632818588130 31.27146861111111 121.50541222222222 23.54 -109.38 130.50342 11.195999 9.648001 1632818592286

110 1632818588130 31.27146722222222 121.50541444444444 23.54 -109.38 130.47342 11.195999 9.648001 1632818592387

110 1632818588130 31.271465555555555 121.50541666666666 23.54 -109.38 130.44342 11.195999 9.648001 1632818592486

118 1632818589133 31.27146388888889 121.50541888888888 23.54 -109.38 130.41342 11.195999 9.648001 1632818592589

118 1632818589133 31.271462777777778 121.50542083333333 23.54 -109.38 130.39752 12.924 9.648001 1632818592684

118 1632818589133 31.271460833333332 121.50542361111111 23.54 -109.38 130.54901 12.924 9.648001 1632818592786

118 1632818589133 31.271459166666666 121.50542638888889 23.54 -109.38 130.699 12.924 9.648001 1632818592888

118 1632818589133 31.2714575 121.50542888888889 23.54 -109.38 130.84903 12.924 9.648001 1632818592988

118 1632818589133 31.271455555555555 121.50543166666667 23.54 -109.38 130.99902 12.924 9.648001 1632818593087

118 1632818589133 31.27145388888889 121.50543444444445 23.54 -109.38 131.14902 12.924 9.648001 1632818593186

118 1632818589133 31.271452222222223 121.50543694444444 23.54 -109.38 131.29901 12.924 9.648001 1632818593286

118 1632818589133 31.271450277777777 121.50543972222222 23.54 -109.38 131.449 12.924 9.648001 1632818593387

118 1632818589133 31.27144861111111 121.5054425 23.54 -109.38 131.59903 12.924 9.648001 1632818593486
