594 1632469926386 31.258623055555557 121.51593194444445 36.26 -118.75 -1.0 0.0 550.0 1632469930825
596 1632469926909 31.258623055555557 121.51593194444445 36.26 -118.75 -1.0 0.0 550.0 1632469930924
593 1632469928229 31.258203055555555 121.51636277777777 36.26 -118.75 47.194286 60.0 0.0 1632469932722
591 1632469928792 31.25826361111111 121.51643916666667 36.26 -118.75 47.799465 60.0 0.0 1632469933326
591 1632469929801 31.258363055555556 121.51656888888888 36.26 -118.75 48.171852 60.0 0.0 1632469934334
594 1632469930805 31.2584625 121.51669888888888 36.26 -118.75 48.128387 60.0 0.0 1632469935335
596 1632469931821 31.258561944444445 121.5168288888889 36.26 -118.75 47.626904 60.0 0.0 1632469936334
594 1632469932803 31.25866277777778 121.51695722222222 36.26 -118.75 47.293446 60.0 0.0 1632469937334
592 1632469933804 31.25876388888889 121.51708527777778 36.26 -118.75 48.700275 60.0 0.0 1632469938336
590 1632469934859 31.258861111111113 121.5172175 36.26 -118.75 49.646446 60.0 0.0 1632469939337
591 1632469935814 31.2589575 121.51735055555555 36.26 -118.75 49.655144 60.0 0.0 1632469940340
594 1632469936811 31.259058888888887 121.51745305555555 36.26 -118.75 1.9659309 60.0 0.0 1632469941343
596 1632469937815 31.25918888888889 121.51736611111112 36.26 -118.75 330.1482 60.0 0.0 1632469942344
595 1632469938814 31.259318611111112 121.51727916666667 36.26 -118.75 330.1349 60.0 0.0 1632469943345
594 1632469939814 31.259448333333335 121.51719222222222 36.26 -118.75 330.13324 60.0 0.0 1632469944345
592 1632469940816 31.25957777777778 121.517105 36.26 -118.75 330.134 60.0 0.0 1632469945347
590 1632469941822 31.25970722222222 121.51701805555555 36.26 -118.75 329.546 60.0 0.0 1632469946347
591 1632469942817 31.25983527777778 121.51692861111111 36.26 -118.75 331.92212 60.0 0.0 1632469947349
591 1632469943897 31.259955555555557 121.51685833333333 36.26 -118.75 331.87204 60.0 0.0 1632469948249
593 1632469944825 31.26009861111111 121.51676472222222 36.26 -118.75 330.60748 60.0 0.0 1632469949354
595 1632469945828 31.260229166666665 121.51667888888889 36.26 -118.75 331.0273 60.0 0.0 1632469950357
599 1632469946840 31.26036 121.51659388888889 36.26 -118.75 331.0413 60.0 0.0 1632469951358
598 1632469947827 31.26049111111111 121.5165088888889 36.26 -118.75 331.0694 60.0 0.0 1632469952359
598 1632469948831 31.26062222222222 121.5164238888889 36.26 -118.75 331.15985 60.0 0.0 1632469953361
596 1632469949849 31.260753055555554 121.51633916666667 36.26 -118.75 326.58307 60.0 0.0 1632469954362
594 1632469950834 31.260764444444444 121.5162263888889 36.26 -118.75 263.7101 60.0 0.0 1632469955364
593 1632469951839 31.26065638888889 121.51610444444445 36.26 -118.75 223.91516 60.0 0.0 1632469956366
593 1632469952837 31.260548333333332 121.5159825 36.26 -118.75 223.89418 60.0 0.0 1632469957371
594 1632469953839 31.26044 121.51586027777778 36.26 -118.75 223.88293 60.0 0.0 1632469958372
596 1632469954862 31.26033138888889 121.51573833333333 36.26 -118.75 224.10242 60.0 0.0 1632469959372
598 1632469955846 31.260223611111112 121.51561583333333 36.26 -118.75 224.28633 60.0 0.0 1632469960375
599 1632469956769 31.2601275 121.51550388888889 36.26 -118.75 225.3475 60.0 0.0 1632469961280
599 1632469957852 31.26001 121.51536694444444 36.26 -118.75 224.41048 60.0 0.0 1632469962383
598 1632469958858 31.259901111111112 121.515245 36.26 -118.75 223.73322 60.0 0.0 1632469963384
596 1632469959865 31.259792222222224 121.51512277777778 36.26 -118.75 223.73253 60.0 0.0 1632469964387
594 1632469960862 31.259683055555556 121.51500083333333 36.26 -118.75 223.7296 60.0 0.0 1632469965391
594 1632469961780 31.259585 121.51489138888888 36.26 -118.75 223.60173 60.0 0.0 1632469966292
594 1632469962859 31.259465 121.51475833333333 36.26 -118.75 223.46935 60.0 0.0 1632469967393
594 1632469963860 31.25935611111111 121.51463722222222 36.26 -118.75 223.43896 60.0 0.0 1632469968393
596 1632469964869 31.25924722222222 121.5145163888889 36.26 -118.75 224.32513 60.0 0.0 1632469969398
598 1632469965880 31.25914 121.51439222222223 36.26 -118.75 224.95718 60.0 0.0 1632469970402
599 1632469966805 31.25904388888889 121.51427972222223 36.26 -118.75 224.9719 60.0 0.0 1632469971305
599 1632469967786 31.258936944444443 121.514155 36.26 -118.75 224.97717 60.0 0.0 1632469972308
598 1632469968787 31.258830833333334 121.51403055555555 36.26 -118.75 225.05788 60.0 0.0 1632469973312
596 1632469969795 31.258724722222222 121.51390555555555 36.26 -118.75 225.13403 60.0 0.0 1632469974316
594 1632469970894 31.258608333333335 121.51376805555556 36.26 -118.75 225.11308 60.0 0.0 1632469975418
593 1632469971798 31.258512777777778 121.51365555555556 36.26 -118.75 225.0867 60.0 0.0 1632469976321
593 1632469972791 31.258406666666666 121.51353055555556 36.26 -118.75 225.04349 60.0 0.0 1632469977325
594 1632469973819 31.258300833333333 121.51340611111111 36.26 -118.75 225.01996 60.0 0.0 1632469978324
595 1632469975885 31.258088611111113 121.51315777777778 36.26 -118.75 225.75482 60.0 0.0 1632469980329
521 1632469975933 31.258078333333334 121.513145 36.26 -118.75 225.90282 60.0 0.0 1632469980429
0 1632469976898 31.257974166666667 121.51301722222222 36.26 -118.75 225.04988 60.0 0.0 1632469981430
599 1632469977962 31.25786638888889 121.512895 36.26 -118.75 224.09421 60.0 0.0 1632469982431
0 1632469978960 31.257758333333335 121.51277277777778 36.26 -118.75 224.10612 60.0 0.0 1632469983431
0 1632469979803 31.257661111111112 121.5126625 36.26 -118.75 224.05685 60.0 0.0 1632469984333
0 1632469980803 31.25755 121.51254388888889 36.26 -118.75 221.11145 60.0 0.0 1632469985336
0 1632469981816 31.257437222222222 121.5124286111111 36.26 -118.75 220.80814 60.0 0.0 1632469986338
0 1632469982809 31.257323055555556 121.51231444444444 36.26 -118.75 220.52533 60.0 0.0 1632469987341
0 1632469983864 31.257209444444445 121.51219972222222 36.26 -118.75 221.75574 60.0 0.0 1632469988342
0 1632469984823 31.257099444444446 121.51207972222223 36.26 -118.75 222.9837 60.0 0.0 1632469989345
0 1632469985814 31.256989444444443 121.51195972222222 36.26 -118.75 222.97726 60.0 0.0 1632469990345
0 1632469986812 31.256879444444444 121.51183972222222 36.26 -118.75 222.96283 60.0 0.0 1632469991346
0 1632469987816 31.256769444444444 121.51171972222222 36.26 -118.75 222.89111 60.0 0.0 1632469992351
0 1632469988820 31.25665861111111 121.51160055555556 36.26 -118.75 222.38211 60.0 0.0 1632469993353
0 1632469989825 31.256546666666665 121.5114825 36.26 -118.75 221.88257 60.0 0.0 1632469994352
0 1632469990822 31.256434722222224 121.511365 36.26 -118.75 221.86914 60.0 0.0 1632469995355
0 1632469991830 31.25632277777778 121.5112475 36.26 -118.75 221.86763 60.0 0.0 1632469996358
0 1632469992826 31.256210833333334 121.51113 36.26 -118.75 223.07867 60.0 0.0 1632469997360
0 1632469993832 31.256102777777777 121.5110075 36.26 -118.75 223.58176 60.0 0.0 1632469998363
0 1632469994963 31.255981388888888 121.51087527777777 36.26 -118.75 222.82849 60.0 0.0 1632469999467
0 1632469995837 31.255881944444443 121.51076722222223 36.26 -118.75 221.79666 60.0 0.0 1632470000369
0 1632469996850 31.255768888888888 121.51065111111112 36.26 -118.75 220.76999 60.0 0.0 1632470001375
0 1632469997855 31.255655 121.51053611111111 36.26 -118.75 220.76895 60.0 0.0 1632470002377
0 1632469998849 31.255540833333335 121.51042111111111 36.26 -118.75 220.7667 60.0 0.0 1632470003381
0 1632469999851 31.255426944444444 121.5103061111111 36.26 -118.75 220.75775 60.0 0.0 1632470004383
0 1632470000853 31.255313333333334 121.51019083333334 36.26 -118.75 221.21411 60.0 0.0 1632470005387
0 1632470001856 31.255201111111113 121.51007388888888 36.26 -118.75 221.65881 60.0 0.0 1632470006390
0 1632470002860 31.25508888888889 121.50995666666667 36.26 -118.75 221.6339 60.0 0.0 1632470007393
0 1632470003861 31.254980555555555 121.50983472222222 36.26 -118.75 224.7403 60.0 0.0 1632470008394
0 1632470004870 31.25488111111111 121.50970166666667 36.26 -118.75 229.58766 60.0 0.0 1632470009396
0 1632470005868 31.254783055555556 121.50956722222222 36.26 -118.75 232.06873 60.0 0.0 1632470010399
0 1632470006879 31.254693055555556 121.50942638888888 36.26 -118.75 237.95631 60.0 0.0 1632470011403
0 1632470007876 31.254619444444444 121.50927361111111 36.26 -118.75 241.32379 60.0 0.0 1632470012402
0 1632470008986 31.254541111111113 121.50910277777778 36.26 -118.75 242.11922 60.0 0.0 1632470013506
0 1632470009883 31.254477777777776 121.5089625 36.26 -118.75 242.1066 60.0 0.0 1632470014411
0 1632470010881 31.254407222222223 121.50880638888889 36.26 -118.75 241.60715 60.0 0.0 1632470015413
0 1632470011890 31.254337777777778 121.50865055555556 36.26 -118.75 241.12433 60.0 0.0 1632470016417
0 1632470012882 31.25426472222222 121.50849583333333 36.26 -118.75 241.13882 60.0 0.0 1632470017416
0 1632470013882 31.254191666666667 121.50834111111111 36.26 -118.75 243.38947 60.0 0.0 1632470018417
0 1632470014885 31.25412861111111 121.50818166666667 36.26 -118.75 245.65244 60.0 0.0 1632470019420
0 1632470015893 31.254066666666667 121.50802166666666 36.26 -118.75 246.541 60.0 0.0 1632470020424
0 1632470016914 31.254008333333335 121.50785972222222 36.26 -118.75 247.40823 60.0 0.0 1632470021429
0 1632470017900 31.253950833333334 121.50769777777778 36.26 -118.75 247.40958 60.0 0.0 1632470022433
0 1632470018905 31.253893055555555 121.50753583333334 36.26 -118.75 247.41206 60.0 0.0 1632470023433
0 1632470019904 31.253835555555554 121.50737388888889 36.27 -118.75 247.41086 60.0 0.0 1632470024436
0 1632470020912 31.253777777777778 121.50721166666666 36.27 -118.75 247.40881 60.0 0.0 1632470025442
0 1632470021935 31.253720277777777 121.50704972222222 36.27 -118.75 247.40445 60.0 0.0 1632470026441
0 1632470022913 31.253662777777777 121.50688777777778 36.27 -118.75 247.39917 60.0 0.0 1632470027445
0 1632470023916 31.25360388888889 121.5067261111111 36.27 -118.75 246.72516 60.0 0.0 1632470028449
0 1632470024918 31.253542777777778 121.506565 36.27 -118.75 246.0249 60.0 0.0 1632470029451
0 1632470025919 31.253481944444445 121.50640416666667 36.27 -118.75 246.01257 60.0 0.0 1632470030451
0 1632470026931 31.253420833333333 121.50624305555556 36.27 -118.75 245.99509 60.0 0.0 1632470031459
0 1632470027939 31.25336 121.50608222222222 36.27 -118.75 245.97601 60.0 0.0 1632470032460
0 1632470028947 31.25329888888889 121.50592222222222 36.27 -118.75 245.96709 60.0 0.0 1632470033463
0 1632470029935 31.253237777777777 121.50576222222222 36.27 -118.75 245.9654 60.0 0.0 1632470034469
0 1632470030949 31.253176944444444 121.50560222222222 36.27 -118.75 245.96652 60.0 0.0 1632470035471
0 1632470031935 31.25311472222222 121.5054425 36.27 -118.75 245.04367 60.0 0.0 1632470036470
0 1632470032939 31.25304861111111 121.50528444444444 36.27 -118.75 244.13632 60.0 0.0 1632470037472
0 1632470034056 31.252983055555557 121.50512638888888 36.27 -118.75 244.15524 60.0 0.0 1632470038474
0 1632470034942 31.2529175 121.50496833333334 36.27 -118.75 244.1625 60.0 0.0 1632470039474
0 1632470035948 31.252852222222224 121.50481027777778 36.27 -118.75 244.1619 60.0 0.0 1632470040476
0 1632470036968 31.252786666666665 121.5046525 36.27 -118.75 244.16061 60.0 0.0 1632470041479
0 1632470037898 31.25272777777778 121.50451027777778 36.27 -118.75 244.17284 60.0 0.0 1632470042379
0 1632470038949 31.25265611111111 121.50433638888889 36.27 -118.75 244.19638 60.0 0.0 1632470043482
0 1632470039920 31.2525975 121.50419416666666 36.27 -118.75 244.17137 60.0 0.0 1632470044385
0 1632470040967 31.252525555555554 121.50402027777778 36.27 -118.75 244.16394 60.0 0.0 1632470045487
0 1632470041971 31.25246027777778 121.5038625 36.27 -118.75 244.19177 60.0 0.0 1632470046491
0 1632470042977 31.25239527777778 121.50370444444444 36.27 -118.75 244.24529 60.0 0.0 1632470047493
0 1632470043906 31.252336666666668 121.50356222222223 36.27 -118.75 244.22906 60.0 0.0 1632470048396
0 1632470044973 31.252265277777777 121.50338833333333 36.27 -118.75 244.19037 60.0 0.0 1632470049499
0 1632470045970 31.2522 121.50323027777777 36.27 -118.75 244.16554 60.0 0.0 1632470050503
0 1632470046985 31.252134444444444 121.5030725 36.27 -118.75 244.25134 60.0 0.0 1632470051510
0 1632470047981 31.252069444444444 121.50291444444444 36.27 -118.75 244.38861 60.0 0.0 1632470052511
0 1632470048979 31.25200361111111 121.50275611111111 36.27 -118.75 244.07368 60.0 0.0 1632470053511
0 1632470049990 31.251936666666666 121.50259805555555 36.27 -118.75 243.76187 60.0 0.0 1632470054513
0 1632470050981 31.25186972222222 121.50244 36.27 -118.75 243.80847 60.0 0.0 1632470055514
0 1632470051980 31.251803333333335 121.50228194444445 36.27 -118.75 243.8256 60.0 0.0 1632470056514
0 1632470052989 31.251772777777777 121.50213722222222 36.27 -118.75 287.14102 60.0 0.0 1632470057522
0 1632470053930 31.251889722222224 121.50205972222223 36.27 -118.75 330.46652 60.0 0.0 1632470058423
0 1632470055007 31.252032777777778 121.501965 36.27 -118.75 330.4001 60.0 0.0 1632470059527
0 1632470056012 31.252165 121.50188472222223 36.27 -118.75 333.13693 60.0 0.0 1632470060529
0 1632470057001 31.252301111111112 121.50181333333333 36.27 -118.75 335.85355 60.0 0.0 1632470061531
0 1632470058072 31.252435833333333 121.5017388888889 36.27 -118.75 334.64606 60.0 0.0 1632470062585
0 1632470059003 31.252568888888888 121.5016611111111 36.27 -118.75 333.3153 60.0 0.0 1632470063536
0 1632470060024 31.252701666666667 121.50158277777778 36.27 -118.75 333.3092 60.0 0.0 1632470064540
892 1632470061008 31.25283472222222 121.50150444444445 36.27 -118.75 333.29407 60.0 0.0 1632470065541
891 1632470062009 31.25296861111111 121.50142583333333 36.27 -118.75 333.42328 60.0 0.0 1632470066542
888 1632470063009 31.253102777777777 121.5013475 36.27 -118.75 333.47183 60.0 0.0 1632470067542
900 1632470064012 31.253223333333334 121.50127694444444 36.27 -118.75 333.32492 60.0 0.0 1632470068443
902 1632470065029 31.253261944444443 121.50113722222223 36.27 -118.75 251.70654 60.0 0.0 1632470069546
906 1632470066023 31.25321472222222 121.50096972222222 36.27 -118.75 251.66965 60.0 0.0 1632470070547
905 1632470067022 31.2531675 121.5008025 36.27 -118.75 251.65561 60.0 0.0 1632470071548
901 1632470068019 31.253115 121.5006375 36.27 -118.75 247.93182 60.0 0.0 1632470072551
898 1632470069029 31.25305861111111 121.50047472222222 36.27 -118.75 247.90125 60.0 0.0 1632470073554
898 1632470070036 31.25300222222222 121.50031166666666 36.27 -118.75 247.90898 60.0 0.0 1632470074556
901 1632470071716 31.252919444444444 121.50006638888888 36.27 -118.75 249.26877 60.0 0.0 1632470076061
905 1632470072535 31.25286611111111 121.4999213888889 36.27 -118.75 245.40768 60.0 0.0 1632470076963
907 1632470072998 31.25283388888889 121.49984194444444 36.27 -118.75 244.99303 60.0 0.0 1632470077466
904 1632470074650 31.252726111111112 121.49957166666667 36.27 -118.75 245.01028 60.0 0.0 1632470079172
901 1632470075040 31.252700833333332 121.49950805555555 36.27 -118.75 245.00946 60.0 0.0 1632470079573
898 1632470076059 31.2526375 121.49934916666666 36.27 -118.75 245.01558 60.0 0.0 1632470080575
899 1632470077049 31.252574166666665 121.49919 36.27 -118.75 245.00584 60.0 0.0 1632470081581
903 1632470078052 31.252510833333332 121.49903111111111 36.27 -118.75 243.93997 60.0 0.0 1632470082581
906 1632470079072 31.252444444444443 121.4988738888889 36.27 -118.75 242.827 60.0 0.0 1632470083583
905 1632470080053 31.252375833333332 121.49871777777778 36.27 -118.75 242.86292 60.0 0.0 1632470084584
902 1632470080970 31.252411111111112 121.49861 36.27 -118.75 329.16147 60.0 0.0 1632470085488
898 1632470081970 31.252539166666665 121.49852083333333 36.27 -118.75 329.16742 60.0 0.0 1632470086488
898 1632470083059 31.252682222222223 121.49842638888889 36.27 -118.75 332.0511 60.0 0.0 1632470087592
902 1632470084014 31.25280111111111 121.49835277777778 36.27 -118.75 332.05536 60.0 0.0 1632470088492
905 1632470085075 31.25294611111111 121.4982625 36.27 -118.75 332.06528 60.0 0.0 1632470089593
907 1632470086065 31.253078333333335 121.49818055555555 36.27 -118.75 332.08466 60.0 0.0 1632470090596
904 1632470087069 31.25321027777778 121.49809861111112 36.27 -118.75 332.1562 60.0 0.0 1632470091601
900 1632470087983 31.25332861111111 121.49802472222223 36.27 -118.75 300.34216 60.0 0.0 1632470092505
898 1632470089105 31.253279166666665 121.49784 36.27 -118.75 252.5079 60.0 0.0 1632470093609
900 1632470089984 31.253216666666667 121.49776111111112 36.27 -118.75 209.9417 60.0 0.0 1632470094512
904 1632470090989 31.253091944444446 121.49785888888889 36.27 -118.75 146.08932 60.0 0.0 1632470095513
909 1632470092082 31.252952222222223 121.49796166666667 36.27 -118.75 148.34059 60.0 0.0 1632470096614
908 1632470093080 31.25282111111111 121.49804805555556 36.27 -118.75 150.5618 60.0 0.0 1632470097614
904 1632470094004 31.252703333333333 121.49812583333333 36.27 -118.75 150.56473 60.0 0.0 1632470098515
900 1632470095084 31.252559166666668 121.4982211111111 36.27 -118.75 150.56361 60.0 0.0 1632470099615
901 1632470096082 31.252428055555555 121.4983075 36.27 -118.75 148.68616 60.0 0.0 1632470100616
906 1632470097094 31.25230277777778 121.49840305555556 36.27 -118.75 146.85257 60.0 0.0 1632470101619
909 1632470098091 31.2521775 121.49849888888889 36.27 -118.75 146.91852 60.0 0.0 1632470102623
908 1632470098999 31.252064166666667 121.49858527777778 36.27 -118.75 145.35255 60.0 0.0 1632470103526
903 1632470100599 31.25188361111111 121.49874333333334 36.27 -118.75 142.96234 60.0 0.0 1632470105030
901 1632470101217 31.251799722222223 121.4988175 36.27 -118.75 142.96681 60.0 0.0 1632470105733
902 1632470102210 31.25167972222222 121.49892361111111 36.27 -118.75 142.97693 60.0 0.0 1632470106733
907 1632470103298 31.251559722222222 121.49902972222222 36.27 -118.75 143.00128 60.0 0.0 1632470107737
909 1632470104233 31.251439722222223 121.49913527777778 36.27 -118.75 143.0015 60.0 0.0 1632470108739
905 1632470105020 31.25134361111111 121.49922027777778 36.27 -118.75 142.83072 60.0 0.0 1632470109542
901 1632470106115 31.251208055555555 121.49933083333333 36.27 -118.75 145.83464 60.0 0.0 1632470110646
901 1632470107026 31.251091944444443 121.49941194444445 36.27 -118.75 149.04788 60.0 0.0 1632470111546
907 1632470108015 31.25096277777778 121.49950222222222 36.27 -118.75 149.01086 60.0 0.0 1632470112549
909 1632470109045 31.250833888888888 121.49959277777778 36.27 -118.75 149.00519 60.0 0.0 1632470113550
904 1632470110025 31.250705 121.49968333333334 36.27 -118.75 151.62755 60.0 0.0 1632470114558
901 1632470111028 31.25057027777778 121.49976138888888 36.27 -118.75 155.5967 60.0 0.0 1632470115560
903 1632470112026 31.250433333333334 121.49983416666667 36.27 -118.75 155.60892 60.0 0.0 1632470116560
908 1632470113030 31.250296111111112 121.49990722222222 36.27 -118.75 155.62515 60.0 0.0 1632470117563
907 1632470114187 31.250159166666666 121.49998027777778 36.27 -118.75 155.64526 60.0 0.0 1632470118568
903 1632470115040 31.25002222222222 121.50005277777778 36.27 -118.75 155.6582 60.0 0.0 1632470119572
900 1632470116040 31.24988527777778 121.50012527777778 36.27 -118.75 155.65839 60.0 0.0 1632470120573
903 1632470117049 31.249748333333333 121.50019777777777 36.27 -118.75 155.65872 60.0 0.0 1632470121575
908 1632470118079 31.249652222222224 121.50024861111112 36.27 -118.75 155.66277 60.0 0.0 1632470122276909 1632470184236 31.258203055555555 121.51636277777777 36.26 -118.75 47.194286 0.0 200.0 1632470188594
909 1632470186162 31.258623055555557 121.51593194444445 36.26 -118.75 -1.0 0.0 550.0 1632470190677
904 1632470188734 31.258203055555555 121.51636277777777 36.26 -118.75 47.194286 0.0 200.0 1632470193114
900 1632470188792 31.258203055555555 121.51636277777777 36.26 -118.75 47.194286 0.0 200.0 1632470193114
903 1632470188840 31.258203055555555 121.51636277777777 36.26 -118.75 47.194286 60.0 0.0 1632470193363
909 1632470189758 31.258203055555555 121.51636277777777 36.26 -118.75 47.194286 60.0 0.0 1632470194265
907 1632470190031 31.258233333333333 121.51640111111111 36.26 -118.75 47.496876 60.0 0.0 1632470194565
902 1632470190338 31.25826361111111 121.51643916666667 36.26 -118.75 47.799465 60.0 0.0 1632470194867
902 1632470190441 31.25827361111111 121.51645194444444 36.26 -118.75 47.90033 60.0 0.0 1632470194967
907 1632470190533 31.25828388888889 121.51646472222222 36.26 -118.75 48.001194 60.0 0.0 1632470195066
909 1632470190657 31.25829388888889 121.51647777777778 36.26 -118.75 48.102055 60.0 0.0 1632470195166
904 1632470191136 31.258343333333332 121.51654277777777 36.26 -118.75 48.181213 60.0 0.0 1632470195668
901 1632470192189 31.2584425 121.51667277777777 36.26 -118.75 48.13399 60.0 0.0 1632470196670
903 1632470193142 31.25854222222222 121.51680277777778 36.26 -118.75 47.794083 60.0 0.0 1632470197672
909 1632470194140 31.2586425 121.51693166666666 36.26 -118.75 47.293167 60.0 0.0 1632470198675
908 1632470195166 31.25874361111111 121.51705972222223 36.26 -118.75 48.231632 60.0 0.0 1632470199681
902 1632470196149 31.258841666666665 121.51719111111112 36.26 -118.75 49.644882 60.0 0.0 1632470200681
901 1632470197212 31.258938333333333 121.51732388888888 36.26 -118.75 49.65584 60.0 0.0 1632470201684
905 1632470198360 31.259035 121.51745722222222 36.26 -118.75 17.869234 60.0 0.0 1632470202687
909 1632470199221 31.259162777777778 121.51738361111111 36.26 -118.75 330.15143 60.0 0.0 1632470203689
906 1632470200163 31.259292777777777 121.5172963888889 36.26 -118.75 330.1364 60.0 0.0 1632470204692
902 1632470201165 31.259422222222224 121.51720944444445 36.26 -118.75 330.1339 60.0 0.0 1632470205695
901 1632470202131 31.25953888888889 121.51713111111111 36.26 -118.75 330.13565 60.0 0.0 1632470206598
906 1632470203181 31.25968138888889 121.51703555555555 36.26 -118.75 329.7455 60.0 0.0 1632470207703
909 1632470204169 31.259809722222222 121.51694638888888 36.26 -118.75 331.0038 60.0 0.0 1632470208703
907 1632470205171 31.25994222222222 121.51686611111111 36.26 -118.75 332.24744 60.0 0.0 1632470209703
902 1632470206170 31.26007277777778 121.51678222222222 36.26 -118.75 330.40192 60.0 0.0 1632470210703
901 1632470207173 31.260202777777778 121.51669611111112 36.26 -118.75 331.0255 60.0 0.0 1632470211705
904 1632470208212 31.26033388888889 121.51661111111112 36.26 -118.75 331.03824 60.0 0.0 1632470212710
909 1632470209180 31.260465 121.5165261111111 36.26 -118.75 331.06287 60.0 0.0 1632470213712
908 1632470210186 31.260595833333333 121.5164411111111 36.26 -118.75 331.13602 60.0 0.0 1632470214713
905 1632470211272 31.260726944444446 121.5163563888889 36.26 -118.75 328.13547 60.0 0.0 1632470215717
901 1632470212190 31.260786111111113 121.51625083333333 36.26 -118.75 283.60043 60.0 0.0 1632470216719
901 1632470213238 31.260678055555555 121.51612888888889 36.26 -118.75 223.91936 60.0 0.0 1632470217720
905 1632470214201 31.26057 121.51600666666667 36.26 -118.75 223.89734 60.0 0.0 1632470218720
909 1632470215239 31.260461666666668 121.51588472222222 36.26 -118.75 223.88266 60.0 0.0 1632470219723
908 1632470216210 31.260353333333335 121.51576277777778 36.26 -118.75 224.03488 60.0 0.0 1632470220740
906 1632470217198 31.260245 121.51564027777778 36.26 -118.75 224.2728 60.0 0.0 1632470221724
902 1632470218244 31.260138055555554 121.51551638888888 36.26 -118.75 225.33916 60.0 0.0 1632470222726
900 1632470219343 31.26002111111111 121.51537916666666 36.26 -118.75 224.57974 60.0 0.0 1632470223827
901 1632470220225 31.259922777777778 121.51526916666667 36.26 -118.75 223.73328 60.0 0.0 1632470224731
904 1632470221246 31.25981388888889 121.51514722222223 36.26 -118.75 223.73268 60.0 0.0 1632470225733
908 1632470222227 31.259705 121.51502527777778 36.26 -118.75 223.73041 60.0 0.0 1632470226733
909 1632470223202 31.259595833333332 121.51490333333334 36.26 -118.75 223.6267 60.0 0.0 1632470227735
908 1632470224212 31.259486944444443 121.5147825 36.26 -118.75 223.47162 60.0 0.0 1632470228735
905 1632470225210 31.25937777777778 121.51466138888888 36.26 -118.75 223.44693 60.0 0.0 1632470229736
903 1632470226212 31.25926888888889 121.51454055555556 36.26 -118.75 224.02094 60.0 0.0 1632470230743
901 1632470227454 31.25914 121.51439222222223 36.26 -118.75 224.95718 60.0 0.0 1632470231947
901 1632470228273 31.259054444444445 121.51429222222222 36.26 -118.75 224.97136 60.0 0.0 1632470232749
902 1632470229227 31.258947777777777 121.5141675 36.26 -118.75 224.97684 60.0 0.0 1632470233751
904 1632470230221 31.25884138888889 121.51404305555556 36.26 -118.75 225.04097 60.0 0.0 1632470234755
908 1632470231238 31.258735277777777 121.51391805555555 36.26 -118.75 225.13544 60.0 0.0 1632470235756
909 1632470232229 31.258629444444445 121.51379305555555 36.26 -118.75 225.11711 60.0 0.0 1632470236759
909 1632470233182 31.258533888888888 121.51368055555555 36.26 -118.75 225.09294 60.0 0.0 1632470237663
906 1632470234281 31.2584175 121.51354305555556 36.26 -118.75 225.04813 60.0 0.0 1632470238762
903 1632470235236 31.258311388888888 121.5134186111111 36.26 -118.75 225.0202 60.0 0.0 1632470239767
901 1632470236243 31.258205277777776 121.51329444444444 36.26 -118.75 225.01706 60.0 0.0 1632470240769
900 1632470237239 31.258099166666668 121.51317027777777 36.26 -118.75 225.60683 60.0 0.0 1632470241769
903 1632470238284 31.257995 121.5130425 36.26 -118.75 225.53352 60.0 0.0 1632470242768
907 1632470239259 31.25788777777778 121.51291972222222 36.26 -118.75 224.09126 60.0 0.0 1632470243772
909 1632470240244 31.25778 121.51279722222222 36.26 -118.75 224.10579 60.0 0.0 1632470244773
908 1632470241212 31.257682777777777 121.51268694444444 36.26 -118.75 224.07181 60.0 0.0 1632470245678
906 1632470242264 31.257561388888888 121.51255555555555 36.26 -118.75 221.11736 60.0 0.0 1632470246778
902 1632470243273 31.257448333333333 121.51244027777778 36.26 -118.75 220.86472 60.0 0.0 1632470247782
901 1632470244351 31.257323055555556 121.51231444444444 36.26 -118.75 220.52533 60.0 0.0 1632470248883907 1632470258426 31.258203055555555 121.51636277777777 36.26 -118.75 47.194286 0.0 200.0 1632470262797
901 1632470259530 31.258203055555555 121.51636277777777 36.26 -118.75 47.194286 60.0 0.0 1632470264063
903 1632470260297 31.25827361111111 121.51645194444444 36.26 -118.75 47.90033 60.0 0.0 1632470264765
907 1632470261241 31.258373055555555 121.51658166666667 36.26 -118.75 48.167175 60.0 0.0 1632470265770
909 1632470262241 31.2584725 121.51671166666667 36.26 -118.75 48.125587 60.0 0.0 1632470266772
907 1632470263256 31.258571944444444 121.51684166666666 36.26 -118.75 47.543312 60.0 0.0 1632470267773
902 1632470264298 31.25867277777778 121.51697 36.26 -118.75 47.293587 60.0 0.0 1632470268771
900 1632470265286 31.25877388888889 121.51709805555555 36.26 -118.75 48.934597 60.0 0.0 1632470269773
903 1632470266260 31.258870555555557 121.51723083333333 36.26 -118.75 49.647224 60.0 0.0 1632470270776
908 1632470267244 31.25896722222222 121.5173638888889 36.26 -118.75 49.654793 60.0 0.0 1632470271775
909 1632470268254 31.259071944444443 121.51744444444445 36.26 -118.75 354.01428 60.0 0.0 1632470272778
906 1632470269343 31.259201944444445 121.5173575 36.26 -118.75 330.14658 60.0 0.0 1632470273800
902 1632470270442 31.259344722222224 121.51726166666667 36.26 -118.75 330.13336 60.0 0.0 1632470274882
901 1632470271374 31.259474166666667 121.51717472222222 36.26 -118.75 330.13254 60.0 0.0 1632470275884
904 1632470272267 31.259590555555555 121.51709638888889 36.26 -118.75 330.13345 60.0 0.0 1632470276789
909 1632470273257 31.25972 121.51700916666667 36.26 -118.75 329.44623 60.0 0.0 1632470277790
908 1632470274256 31.259848333333334 121.51692 36.26 -118.75 332.38126 60.0 0.0 1632470278790
903 1632470275271 31.259982222222224 121.51684277777778 36.26 -118.75 331.12125 60.0 0.0 1632470279792
901 1632470276262 31.260111388888888 121.5167561111111 36.26 -118.75 330.71024 60.0 0.0 1632470280794
903 1632470277277 31.26024222222222 121.51667055555555 36.26 -118.75 331.0282 60.0 0.0 1632470281800
909 1632470278277 31.260373333333334 121.51658555555555 36.26 -118.75 331.04282 60.0 0.0 1632470282805
909 1632470279290 31.260504166666667 121.51650055555555 36.26 -118.75 331.0727 60.0 0.0 1632470283805
902 1632470280280 31.26062222222222 121.5164238888889 36.26 -118.75 331.15985 60.0 0.0 1632470284703
901 1632470281274 31.260765 121.51632888888889 36.26 -118.75 325.8069 60.0 0.0 1632470285807
904 1632470282288 31.26075361111111 121.51621416666667 36.26 -118.75 253.76495 60.0 0.0 1632470286819
909 1632470283359 31.260645833333335 121.51609222222223 36.26 -118.75 223.91307 60.0 0.0 1632470287823
906 1632470284312 31.2605375 121.51597027777778 36.26 -118.75 223.8926 60.0 0.0 1632470288825
901 1632470285495 31.2604075 121.51582388888889 36.26 -118.75 223.88335 60.0 0.0 1632470290028
902 1632470286341 31.260320833333335 121.5157261111111 36.26 -118.75 224.13618 60.0 0.0 1632470290830
906 1632470287324 31.260212777777777 121.51560333333333 36.26 -118.75 224.2931 60.0 0.0 1632470291838
909 1632470288309 31.26010611111111 121.5154788888889 36.26 -118.75 225.36421 60.0 0.0 1632470292835
904 1632470289398 31.259999166666667 121.51535472222223 36.26 -118.75 224.24121 60.0 0.0 1632470293841
900 1632470290572 31.259868333333333 121.51520833333333 36.26 -118.75 223.73311 60.0 0.0 1632470295038
903 1632470291348 31.25978111111111 121.51511083333334 36.26 -118.75 223.73244 60.0 0.0 1632470295840
909 1632470292371 31.25967222222222 121.51498861111111 36.26 -118.75 223.72919 60.0 0.0 1632470296847
908 1632470293394 31.259563333333332 121.51486722222222 36.26 -118.75 223.55182 60.0 0.0 1632470297852
902 1632470294320 31.259465 121.51475833333333 36.26 -118.75 223.46935 60.0 0.0 1632470298749
901 1632470295320 31.25934527777778 121.514625 36.26 -118.75 223.435 60.0 0.0 1632470299851
905 1632470296323 31.25923638888889 121.51450416666667 36.26 -118.75 224.47723 60.0 0.0 1632470300855
909 1632470297375 31.259129444444444 121.51437972222222 36.26 -118.75 224.96011 60.0 0.0 1632470301856
905 1632470298328 31.2590225 121.51425472222222 36.26 -118.75 224.97293 60.0 0.0 1632470302860
900 1632470299327 31.258915833333333 121.51413 36.26 -118.75 224.97786 60.0 0.0 1632470303859
902 1632470300330 31.25880972222222 121.51400555555556 36.26 -118.75 225.09167 60.0 0.0 1632470304861
907 1632470301332 31.258703611111113 121.51388055555556 36.26 -118.75 225.13121 60.0 0.0 1632470305862
908 1632470302334 31.2585975 121.51375555555556 36.26 -118.75 225.11107 60.0 0.0 1632470306862
904 1632470303434 31.258491666666668 121.51363055555555 36.26 -118.75 225.08046 60.0 0.0 1632470307871
900 1632470304352 31.258385555555556 121.51350555555555 36.26 -118.75 225.03424 60.0 0.0 1632470308871
902 1632470305540 31.258258333333334 121.51335666666667 36.26 -118.75 225.01903 60.0 0.0 1632470310072
908 1632470306375 31.25817361111111 121.51325722222222 36.26 -118.75 225.01486 60.0 0.0 1632470310880
908 1632470307546 31.25804722222222 121.51310666666667 36.26 -118.75 226.34682 60.0 0.0 1632470312078
903 1632470308548 31.257941944444443 121.51298055555556 36.26 -118.75 224.32442 60.0 0.0 1632470313080
900 1632470309351 31.257855555555555 121.51288277777778 36.26 -118.75 224.09567 60.0 0.0 1632470313884
903 1632470310369 31.2577475 121.51276027777777 36.26 -118.75 224.1063 60.0 0.0 1632470314886
909 1632470311358 31.257650277777778 121.51265027777778 36.26 -118.75 224.04936 60.0 0.0 1632470315786
908 1632470312410 31.2575275 121.51252083333334 36.26 -118.75 221.09966 60.0 0.0 1632470316897
904 1632470313366 31.257414166666667 121.51240583333333 36.26 -118.75 220.695 60.0 0.0 1632470317894
900 1632470314389 31.257300277777777 121.51229166666667 36.26 -118.75 220.52533 60.0 0.0 1632470318897
903 1632470315372 31.2571875 121.51217583333333 36.26 -118.75 222.24788 60.0 0.0 1632470319898
908 1632470316368 31.2570775 121.51205583333333 36.26 -118.75 222.9829 60.0 0.0 1632470320899
909 1632470317427 31.2569675 121.51193583333334 36.26 -118.75 222.97574 60.0 0.0 1632470321910
904 1632470318379 31.2568575 121.51181583333333 36.26 -118.75 222.95908 60.0 0.0 1632470322910
901 1632470319578 31.25672527777778 121.51167166666667 36.26 -118.75 222.84422 60.0 0.0 1632470324110
902 1632470320422 31.2566475 121.51158861111111 36.26 -118.75 222.28598 60.0 0.0 1632470324811
905 1632470321598 31.256501944444445 121.51143527777778 36.26 -118.75 221.86967 60.0 0.0 1632470326115
909 1632470322480 31.256412222222224 121.5113413888889 36.26 -118.75 221.86885 60.0 0.0 1632470326916
908 1632470323398 31.25630027777778 121.51122388888889 36.26 -118.75 221.8702 60.0 0.0 1632470327920
904 1632470324394 31.256188333333334 121.51110666666666 36.26 -118.75 223.5662 60.0 0.0 1632470328924
901 1632470325339 31.256091666666666 121.51099527777778 36.26 -118.75 223.43677 60.0 0.0 1632470329823
901 1632470326466 31.255970277777777 121.51086333333333 36.26 -118.75 222.82507 60.0 0.0 1632470330930
903 1632470327796 31.255814444444443 121.51069694444445 36.26 -118.75 220.77026 60.0 0.0 1632470332327
908 1632470328395 31.25574611111111 121.51062805555556 36.26 -118.75 220.76985 60.0 0.0 1632470332927
909 1632470329403 31.25563222222222 121.51051305555555 36.26 -118.75 220.76869 60.0 0.0 1632470333929
907 1632470330411 31.255518055555555 121.51039805555556 36.26 -118.75 220.76611 60.0 0.0 1632470334934
904 1632470331491 31.25540416666667 121.51028305555556 36.26 -118.75 220.75499 60.0 0.0 1632470335936
901 1632470332499 31.255279722222223 121.51015583333333 36.26 -118.75 221.49506 60.0 0.0 1632470337033
900 1632470333416 31.25517888888889 121.51005027777778 36.26 -118.75 221.6509 60.0 0.0 1632470337939
903 1632470334410 31.25506638888889 121.50993333333334 36.26 -118.75 221.63596 60.0 0.0 1632470338939
907 1632470335414 31.254960277777776 121.50980861111111 36.26 -118.75 226.00244 60.0 0.0 1632470339943
909 1632470336480 31.254861388888887 121.50967472222223 36.26 -118.75 229.57843 60.0 0.0 1632470340942906 1632470403780 31.258255277777778 121.5153775 24.49 -107.95 143.47891 60.0 0.0 1632470408295
908 1632470404264 31.25819472222222 121.51543 24.49 -107.95 143.48474 60.0 0.0 1632470408795
909 1632470405063 31.258097777777778 121.51551388888889 24.49 -107.95 143.49629 60.0 0.0 1632470409596
906 1632470406076 31.257976944444444 121.51561861111111 24.49 -107.95 143.5064 60.0 0.0 1632470410598
901 1632470407527 31.2578075 121.51576527777777 24.49 -107.95 143.4732 60.0 0.0 1632470412007
900 1632470408287 31.257710833333334 121.51584888888888 24.49 -107.95 143.56651 60.0 0.0 1632470412808
904 1632470409106 31.257614166666666 121.51593194444445 24.49 -107.95 143.65123 60.0 0.0 1632470413609
908 1632470410081 31.257493333333333 121.5160361111111 24.49 -107.95 143.65176 60.0 0.0 1632470414610
909 1632470411178 31.2573725 121.51614 24.49 -107.95 143.65262 60.0 0.0 1632470415610
904 1632470412080 31.257251666666665 121.5162438888889 24.49 -107.95 143.65416 60.0 0.0 1632470416612
901 1632470413082 31.257130833333335 121.51634805555555 24.49 -107.95 143.65782 60.0 0.0 1632470417616
901 1632470414097 31.25701 121.51645194444444 24.49 -107.95 143.6875 60.0 0.0 1632470418621
906 1632470415115 31.256890277777778 121.51655694444445 24.49 -107.95 142.19302 60.0 0.0 1632470419622
909 1632470416096 31.25677222222222 121.51666388888889 24.49 -107.95 142.18991 60.0 0.0 1632470420628
907 1632470417199 31.2566425 121.51678166666666 24.49 -107.95 142.18205 60.0 0.0 1632470421732
902 1632470418254 31.256524444444445 121.51688861111111 24.49 -107.95 142.16978 60.0 0.0 1632470422734
900 1632470419109 31.256418333333333 121.516985 24.49 -107.95 142.16293 60.0 0.0 1632470423637
903 1632470420108 31.25630027777778 121.51709222222222 24.49 -107.95 142.17517 60.0 0.0 1632470424640
908 1632470421119 31.256182222222222 121.51719944444444 24.49 -107.95 169.33316 60.0 0.0 1632470425644
909 1632470422074 31.25609861111111 121.51708611111111 24.49 -107.95 232.42278 60.0 0.0 1632470426544
906 1632470423119 31.255995277777778 121.516935 24.49 -107.95 232.46863 60.0 0.0 1632470427651
902 1632470424137 31.25590638888889 121.51679222222222 24.49 -107.95 234.90227 60.0 0.0 1632470428653
900 1632470425120 31.255819444444445 121.51664833333334 24.49 -107.95 234.93983 60.0 0.0 1632470429653
903 1632470426148 31.255733055555556 121.51650416666666 24.49 -107.95 234.9606 60.0 0.0 1632470430658
907 1632470427067 31.255655277777777 121.51637472222222 24.49 -107.95 234.95619 60.0 0.0 1632470431560
909 1632470428344 31.255543055555556 121.5161875 24.49 -107.95 234.33437 60.0 0.0 1632470432862
907 1632470429142 31.2554725 121.51607333333334 24.49 -107.95 233.70837 60.0 0.0 1632470433662
903 1632470430134 31.25538361111111 121.51593138888889 24.49 -107.95 233.95276 60.0 0.0 1632470434665
900 1632470431084 31.25530527777778 121.51580277777778 24.49 -107.95 234.66182 60.0 0.0 1632470435567
901 1632470432351 31.255192222222224 121.51561638888889 24.49 -107.95 234.70447 60.0 0.0 1632470436869
904 1632470433187 31.25515138888889 121.51550805555556 24.49 -107.95 262.56216 60.0 0.0 1632470437671
908 1632470434160 31.2552775 121.51541416666667 24.49 -107.95 323.52768 60.0 0.0 1632470438676
908 1632470435064 31.25538166666667 121.51531666666666 24.49 -107.95 316.8885 60.0 0.0 1632470439575
904 1632470436202 31.255514722222223 121.51520555555555 24.49 -107.95 331.7385 60.0 0.0 1632470440680
900 1632470437183 31.255646666666667 121.5151225 24.49 -107.95 331.73672 60.0 0.0 1632470441681897 1632470461529 31.258203055555555 121.51636277777777 24.49 -107.95 47.194286 60.0 0.0 1632470466006
891 1632470461663 31.258213055555554 121.51637555555556 24.49 -107.95 47.29515 60.0 0.0 1632470466106
888 1632470462677 31.258323611111113 121.51651666666666 24.49 -107.95 48.19057 60.0 0.0 1632470467209
889 1632470463681 31.2584225 121.51664666666667 24.49 -107.95 48.13959 60.0 0.0 1632470468212
890 1632470464703 31.258512222222222 121.51676388888889 24.49 -107.95 48.044857 60.0 0.0 1632470469113
894 1632470465696 31.2586225 121.51690611111111 24.49 -107.95 47.29289 60.0 0.0 1632470470216
896 1632470466721 31.258723333333332 121.51703388888889 24.49 -107.95 47.762993 60.0 0.0 1632470471222
896 1632470467699 31.2588225 121.51716444444445 24.49 -107.95 49.643322 60.0 0.0 1632470472228
892 1632470468705 31.25891888888889 121.5172975 24.49 -107.95 49.656544 60.0 0.0 1632470473228
890 1632470469727 31.259015555555557 121.51743027777778 24.49 -107.95 33.772537 60.0 0.0 1632470474228
891 1632470470700 31.259136944444446 121.51740083333334 24.49 -107.95 330.15466 60.0 0.0 1632470475231
900 1632470471703 31.259266666666665 121.51731388888889 24.49 -107.95 330.13794 60.0 0.0 1632470476232
903 1632470472701 31.259396388888888 121.51722694444445 24.49 -107.95 330.1346 60.0 0.0 1632470477234
902 1632470473707 31.259525833333335 121.51714 24.49 -107.95 330.1362 60.0 0.0 1632470478235
898 1632470474840 31.259655277777778 121.51705277777778 24.49 -107.95 329.945 60.0 0.0 1632470479235
897 1632470475709 31.259784166666666 121.51696416666667 24.49 -107.95 330.08554 60.0 0.0 1632470480237
899 1632470476708 31.25991527777778 121.51688138888889 24.49 -107.95 332.99823 60.0 0.0 1632470481239
904 1632470477715 31.260046944444444 121.51679972222222 24.49 -107.95 330.19638 60.0 0.0 1632470482242
904 1632470478711 31.260176666666666 121.51671305555556 24.49 -107.95 331.02374 60.0 0.0 1632470483244
899 1632470479725 31.26030777777778 121.51662805555556 24.49 -107.95 331.03516 60.0 0.0 1632470484248
896 1632470480722 31.260438611111113 121.51654305555556 24.49 -107.95 331.0563 60.0 0.0 1632470485253
900 1632470481721 31.260569722222222 121.51645805555556 24.49 -107.95 331.11218 60.0 0.0 1632470486255
909 1632470482736 31.260700833333335 121.51637333333333 24.49 -107.95 329.68784 60.0 0.0 1632470487258
905 1632470483740 31.260807777777778 121.51627527777778 24.49 -107.95 303.49075 60.0 0.0 1632470488260
901 1632470484775 31.26069972222222 121.51615333333334 24.49 -107.95 223.92354 60.0 0.0 1632470489264
903 1632470485738 31.260591666666667 121.5160311111111 24.49 -107.95 223.90051 60.0 0.0 1632470490268
909 1632470486777 31.260483333333333 121.51590916666666 24.49 -107.95 223.88239 60.0 0.0 1632470491271
907 1632470487738 31.260375 121.51578722222222 24.49 -107.95 223.96733 60.0 0.0 1632470492270
901 1632470488742 31.260266666666666 121.515665 24.49 -107.95 224.25925 60.0 0.0 1632470493273
903 1632470489761 31.260159166666668 121.51554138888889 24.49 -107.95 225.32246 60.0 0.0 1632470494274
909 1632470490758 31.26005333333333 121.51541611111111 24.49 -107.95 225.08751 60.0 0.0 1632470495277
908 1632470491748 31.259944722222222 121.5152936111111 24.49 -107.95 223.73335 60.0 0.0 1632470496280
902 1632470492770 31.259835833333334 121.51517166666666 24.49 -107.95 223.73285 60.0 0.0 1632470497287
901 1632470493777 31.259726666666666 121.51504972222222 24.49 -107.95 223.73122 60.0 0.0 1632470498290
907 1632470494780 31.259617777777777 121.51492777777777 24.49 -107.95 223.67662 60.0 0.0 1632470499292
908 1632470495804 31.259508611111112 121.51480666666667 24.49 -107.95 223.47388 60.0 0.0 1632470500294
903 1632470496767 31.259399722222224 121.51468555555556 24.49 -107.95 223.45488 60.0 0.0 1632470501299
901 1632470497771 31.259290833333335 121.51456472222222 24.49 -107.95 223.71672 60.0 0.0 1632470502301
905 1632470498773 31.259182777777777 121.51444222222223 24.49 -107.95 224.94542 60.0 0.0 1632470503302
910 1632470499771 31.259075833333334 121.51431722222222 24.49 -107.95 224.97032 60.0 0.0 1632470504302
906 1632470500771 31.258968888888887 121.51419222222222 24.49 -107.95 224.97617 60.0 0.0 1632470505303
900 1632470501901 31.258851944444444 121.51405555555556 24.49 -107.95 225.02408 60.0 0.0 1632470506407
902 1632470502839 31.258756666666667 121.51394305555556 24.49 -107.95 225.13824 60.0 0.0 1632470507308
908 1632470503929 31.25864 121.51380555555555 24.49 -107.95 225.11913 60.0 0.0 1632470508412
909 1632470506032 31.2584175 121.51354305555556 24.49 -107.95 225.04813 60.0 0.0 1632470510518
902 1632470506086 31.258406666666666 121.51353055555556 24.49 -107.95 225.04349 60.0 0.0 1632470510618
901 1632470506797 31.2583325 121.51344361111111 24.49 -107.95 225.02066 60.0 0.0 1632470511319
905 1632470507791 31.258226666666665 121.51331944444445 24.49 -107.95 225.01852 60.0 0.0 1632470512322
909 1632470508796 31.258120555555557 121.51319527777778 24.49 -107.95 225.31082 60.0 0.0 1632470513325
907 1632470509809 31.258015833333335 121.51306833333334 24.49 -107.95 226.01717 60.0 0.0 1632470514326906 1632470676159 31.258203055555555 121.51636277777777 24.49 -107.95 47.194286 0.0 200.0 1632470680577
901 1632470677389 31.258203055555555 121.51636277777777 24.49 -107.95 47.194286 60.0 0.0 1632470681802
900 1632470678075 31.25828388888889 121.51646472222222 24.49 -107.95 48.001194 60.0 0.0 1632470682605
901 1632470679074 31.25838277777778 121.51659472222222 24.49 -107.95 48.162495 60.0 0.0 1632470683607
904 1632470680386 31.258512222222222 121.51676388888889 24.49 -107.95 48.044857 60.0 0.0 1632470684910
907 1632470681085 31.258581944444444 121.51685472222222 24.49 -107.95 47.45972 60.0 0.0 1632470685610
909 1632470682106 31.258683055555554 121.51698277777778 24.49 -107.95 47.293724 60.0 0.0 1632470686612
908 1632470683083 31.25878361111111 121.5171111111111 24.49 -107.95 49.168915 60.0 0.0 1632470687615
904 1632470684085 31.258880277777777 121.51724416666667 24.49 -107.95 49.648006 60.0 0.0 1632470688617
902 1632470685085 31.258976944444445 121.51737722222222 24.49 -107.95 49.65444 60.0 0.0 1632470689618
900 1632470686099 31.259085 121.51743583333334 24.49 -107.95 346.06262 60.0 0.0 1632470690620
901 1632470687092 31.259215 121.51734861111112 24.49 -107.95 330.14496 60.0 0.0 1632470691625
904 1632470688096 31.259344722222224 121.51726166666667 24.49 -107.95 330.13336 60.0 0.0 1632470692628
908 1632470689099 31.259474166666667 121.51717472222222 24.49 -107.95 330.13254 60.0 0.0 1632470693631
909 1632470690291 31.25960361111111 121.51708777777777 24.49 -107.95 330.1329 60.0 0.0 1632470694632
907 1632470691116 31.259732777777778 121.51700027777778 24.49 -107.95 329.3465 60.0 0.0 1632470695635
904 1632470692106 31.259861666666666 121.5169125 24.49 -107.95 332.8404 60.0 0.0 1632470696638
900 1632470693128 31.25999527777778 121.51683444444444 24.49 -107.95 330.74585 60.0 0.0 1632470697641
900 1632470694110 31.260124444444443 121.51674722222222 24.49 -107.95 330.81302 60.0 0.0 1632470698642
903 1632470695118 31.260255277777777 121.51666194444445 24.49 -107.95 331.02908 60.0 0.0 1632470699645
906 1632470696134 31.26038638888889 121.51657694444444 24.49 -107.95 331.04437 60.0 0.0 1632470700647
909 1632470697133 31.260517222222223 121.51649194444444 24.49 -107.95 331.07596 60.0 0.0 1632470701647
907 1632470698119 31.260648333333332 121.51640694444444 24.49 -107.95 331.1837 60.0 0.0 1632470702651
904 1632470699119 31.260777222222224 121.51631833333333 24.49 -107.95 325.0307 60.0 0.0 1632470703651
901 1632470700060 31.260764444444444 121.5162263888889 24.49 -107.95 263.7101 60.0 0.0 1632470704451
900 1632470701130 31.260635 121.51608 24.49 -107.95 223.91098 60.0 0.0 1632470705655
902 1632470702125 31.260526666666667 121.51595805555556 24.49 -107.95 223.891 60.0 0.0 1632470706657
905 1632470703149 31.260418333333334 121.51583611111111 24.49 -107.95 223.88321 60.0 0.0 1632470707659
908 1632470704131 31.26031 121.51571388888888 24.49 -107.95 224.16997 60.0 0.0 1632470708660
908 1632470705128 31.260201944444443 121.5155911111111 24.49 -107.95 224.29988 60.0 0.0 1632470709661
906 1632470706132 31.260095555555555 121.51546638888888 24.49 -107.95 225.37256 60.0 0.0 1632470710663
903 1632470707143 31.259988333333332 121.5153425 24.49 -107.95 224.07196 60.0 0.0 1632470711663
900 1632470708134 31.259879166666668 121.51522055555556 24.49 -107.95 223.73314 60.0 0.0 1632470712666
900 1632470709135 31.25977027777778 121.51509861111111 24.49 -107.95 223.73236 60.0 0.0 1632470713667
901 1632470710138 31.25966138888889 121.51497638888888 24.49 -107.95 223.72879 60.0 0.0 1632470714668
904 1632470711078 31.259574166666667 121.51487916666666 24.49 -107.95 223.57678 60.0 0.0 1632470715470
907 1632470712171 31.259443333333333 121.51473388888888 24.49 -107.95 223.46709 60.0 0.0 1632470716672
909 1632470713151 31.259334166666665 121.51461305555556 24.49 -107.95 223.43102 60.0 0.0 1632470717675
908 1632470714159 31.259225833333332 121.51449166666667 24.49 -107.95 224.62935 60.0 0.0 1632470718681
907 1632470715152 31.259118611111113 121.51436722222222 24.49 -107.95 224.96306 60.0 0.0 1632470719685
904 1632470716086 31.259033055555555 121.51426722222222 24.49 -107.95 224.97241 60.0 0.0 1632470720489
901 1632470717175 31.258905 121.5141175 24.49 -107.95 224.9782 60.0 0.0 1632470721689
900 1632470718089 31.25882027777778 121.51401805555555 24.49 -107.95 225.07478 60.0 0.0 1632470722495896 1632470732069 31.258203055555555 121.51636277777777 24.49 -107.95 47.194286 0.0 200.0 1632470736515
897 1632470732211 31.258203055555555 121.51636277777777 24.49 -107.95 47.194286 0.0 200.0 1632470736515
902 1632470732601 31.258203055555555 121.51636277777777 24.49 -107.95 47.194286 60.0 0.0 1632470736869
906 1632470733630 31.258243333333333 121.51641388888889 24.49 -107.95 47.59774 60.0 0.0 1632470738162
905 1632470734604 31.25829388888889 121.51647777777778 24.49 -107.95 48.102055 60.0 0.0 1632895 1632471054844 31.26080138888889 121.5162975 24.49 -107.95 323.38107 60.0 0.0 1632471059372
889 1632471055866 31.26072138888889 121.5161775 24.49 -107.95 223.92772 60.0 0.0 1632471060372
887 1632471056848 31.260613333333332 121.51605555555555 24.49 -107.95 223.90367 60.0 0.0 1632471061377
892 1632471057864 31.260505 121.51593361111111 24.49 -107.95 223.88211 60.0 0.0 1632471062375
895 1632471058846 31.260396666666665 121.51581166666666 24.49 -107.95 223.8998 60.0 0.0 1632471063379
894 1632471059850 31.26028833333333 121.51568944444445 24.49 -107.95 224.2457 60.0 0.0 1632471064381
892 1632471060855 31.260180277777778 121.51556638888889 24.49 -107.95 225.30576 60.0 0.0 1632471065386
894 1632471061854 31.260074444444445 121.51544138888889 24.49 -107.95 225.42603 60.0 0.0 1632471066386
898 1632471062862 31.259966388888888 121.51531805555555 24.49 -107.95 223.73341 60.0 0.0 1632471067387
901 1632471063859 31.2598575 121.51519611111111 24.49 -107.95 223.73302 60.0 0.0 1632471068390
899 1632471064875 31.25974861111111 121.51507416666666 24.49 -107.95 223.73203 60.0 0.0 1632471069391
896 1632471065902 31.259639444444446 121.51495222222222 24.49 -107.95 223.72653 60.0 0.0 1632471070394
893 1632471066895 31.259530555555557 121.51483083333333 24.49 -107.95 223.47614 60.0 0.0 1632471071401
892 1632471067897 31.25942138888889 121.51470972222222 24.49 -107.95 223.46283 60.0 0.0 1632471072407
894 1632471068879 31.2593125 121.5145888888889 24.49 -107.95 223.41252 60.0 0.0 1632471073409
897 1632471069887 31.259204166666667 121.51446694444445 24.49 -107.95 224.93954 60.0 0.0 1632471074414
900 1632471070888 31.259097222222223 121.51434222222223 24.49 -107.95 224.96928 60.0 0.0 1632471075417
901 1632471071898 31.258990277777777 121.51421722222223 24.49 -107.95 224.9755 60.0 0.0 1632471076422
900 1632471072896 31.25888388888889 121.51409277777778 24.49 -107.95 224.97337 60.0 0.0 1632471077427
898 1632471073895 31.258777777777777 121.51396805555555 24.49 -107.95 225.14105 60.0 0.0 1632471078426
895 1632471074899 31.258671666666668 121.51384305555555 24.49 -107.95 225.12517 60.0 0.0 1632471079426
893 1632471075903 31.258565833333332 121.51371805555556 24.49 -107.95 225.10231 60.0 0.0 1632471080428
892 1632471076905 31.258459722222224 121.51359305555556 24.49 -107.95 225.06665 60.0 0.0 1632471081430
893 1632471077902 31.258353888888887 121.51346833333334 24.49 -107.95 225.02113 60.0 0.0 1632471082431
895 1632471078909 31.25824777777778 121.51334416666667 24.49 -107.95 225.01999 60.0 0.0 1632471083438
898 1632471079908 31.258141666666667 121.51322 24.49 -107.95 225.01483 60.0 0.0 1632471084441
900 1632471080914 31.258036666666666 121.51309388888889 24.49 -107.95 226.50081 60.0 0.0 1632471085446
901 1632471081969 31.257941944444443 121.51298055555556 24.49 -107.95 224.32442 60.0 0.0 1632471086349
900 1632471082923 31.257823055555555 121.51284611111112 24.49 -107.95 224.10512 60.0 0.0 1632471087453
898 1632471083927 31.257715 121.51272361111111 24.49 -107.95 224.09427 60.0 0.0 1632471088456
895 1632471084933 31.257606666666668 121.51260194444444 24.49 -107.95 221.14096 60.0 0.0 1632471089460
893 1632471085930 31.257493611111112 121.51248638888889 24.49 -107.95 221.09099 60.0 0.0 1632471090459
892 1632471086933 31.25738 121.5123713888889 24.49 -107.95 220.52531 60.0 0.0 1632471091460
899 1632471087936 31.25726611111111 121.5122575 24.49 -107.95 220.52534 60.0 0.0 1632471092464
901 1632471088943 31.257154444444446 121.51213972222222 24.49 -107.95 222.98576 60.0 0.0 1632471093464
904 1632471089940 31.257044444444446 121.51201972222222 24.49 -107.95 222.98106 60.0 0.0 1632471094470
906 1632471090887 31.256945555555557 121.51191166666666 24.49 -107.95 222.97421 60.0 0.0 1632471095373
910 1632471091948 31.256824444444444 121.51177972222222 24.49 -107.95 222.94974 60.0 0.0 1632471096478
908 1632471092871 31.25672527777778 121.51167166666667 24.49 -107.95 222.84422 60.0 0.0 1632471097380
906 1632471093952 31.25660277777778 121.51154138888889 24.49 -107.95 221.8987 60.0 0.0 1632471098483
903 1632471094880 31.256501944444445 121.51143527777778 24.49 -107.95 221.86967 60.0 0.0 1632471099386
902 1632471095966 31.25637861111111 121.51130611111111 24.49 -107.95 221.86124 60.0 0.0 1632471100495
902 1632471096890 31.25627777777778 121.51120055555556 24.49 -107.95 221.87274 60.0 0.0 1632471101395
904 1632471097916 31.25616611111111 121.51108277777777 24.49 -107.95 224.05371 60.0 0.0 1632471102401
908 1632471098977 31.256047777777777 121.51094722222223 24.49 -107.95 222.84906 60.0 0.0 1632471103506
910 1632471099898 31.255948333333333 121.51083916666667 24.49 -107.95 222.81822 60.0 0.0 1632471104405
911 1632471100986 31.255825833333333 121.51070861111111 24.49 -107.95 220.77032 60.0 0.0 1632471105507
909 1632471101978 31.255711944444446 121.5105936111111 24.49 -107.95 220.76956 60.0 0.0 1632471106509
906 1632471102983 31.255597777777776 121.51047861111111 24.49 -107.95 220.76814 60.0 0.0 1632471107513
904 1632471103894 31.25549527777778 121.510375 24.49 -107.95 220.76553 60.0 0.0 1632471108415
902 1632471105004 31.25537 121.51024861111111 24.49 -107.95 220.74585 60.0 0.0 1632471109519
902 1632471105909 31.255268333333333 121.51014388888889 24.49 -107.95 221.58871 60.0 0.0 1632471110421
904 1632471106904 31.25515638888889 121.51002694444445 24.49 -107.95 221.64297 60.0 0.0 1632471111427
907 1632471107900 31.25504388888889 121.50991 24.49 -107.95 221.63802 60.0 0.0 1632471112429
909 1632471108902 31.25494 121.5097825 24.49 -107.95 227.2646 60.0 0.0 1632471113432
911 1632471109900 31.254841666666668 121.50964777777777 24.49 -107.95 229.5692 60.0 0.0 1632471114432
911 1632471110904 31.25474527777778 121.50951222222223 24.49 -107.95 234.08116 60.0 0.0 1632471115436
908 1632471111908 31.2546625 121.5093661111111 24.49 -107.95 240.65138 60.0 0.0 1632471116439
905 1632471112909 31.254590555555556 121.50921194444444 24.49 -107.95 241.32272 60.0 0.0 1632471117439
903 1632471113930 31.25452 121.50905611111111 24.49 -107.95 242.11703 60.0 0.0 1632471118440
902 1632471114914 31.254449444444443 121.5089 24.49 -107.95 242.0916 60.0 0.0 1632471119444
903 1632471115917 31.254381388888888 121.50874333333333 24.49 -107.95 241.20747 60.0 0.0 1632471120446
905 1632471116935 31.25430861111111 121.50858861111111 24.49 -107.95 241.13432 60.0 0.0 1632471121450
909 1632471117924 31.254235555555557 121.50843388888889 24.49 -107.95 241.14099 60.0 0.0 1632471122455
911 1632471118935 31.25416583333333 121.5082775 24.49 -107.95 245.18864 60.0 0.0 1632471123458
910 1632471119946 31.25410388888889 121.5081175 24.49 -107.95 245.6626 60.0 0.0 1632471124459
907 1632471120935 31.254043055555556 121.50795694444444 24.49 -107.95 247.23639 60.0 0.0 1632471125460
903 1632471121935 31.253985277777776 121.507795 24.49 -107.95 247.40901 60.0 0.0 1632471126463
902 1632471122936 31.25392777777778 121.50763305555556 24.49 -107.95 247.40816 60.0 0.0 1632471127467
903 1632471123942 31.25387 121.50747111111112 24.49 -107.95 247.41347 60.0 0.0 1632471128472
906 1632471124943 31.2538125 121.50730888888889 24.49 -107.95 247.41252 60.0 0.0 1632471129475
910 1632471125948 31.253755 121.50714694444444 24.49 -107.95 247.41078 60.0 0.0 1632471130478
911 1632471126971 31.253697222222222 121.506985 24.49 -107.95 247.40663 60.0 0.0 1632471131481
909 1632471127956 31.25363972222222 121.50682305555556 24.49 -107.95 247.38449 60.0 0.0 1632471132485
905 1632471128963 31.253579444444444 121.50666166666667 24.49 -107.95 246.16943 60.0 0.0 1632471133490
902 1632471129960 31.25351861111111 121.50650083333333 24.49 -107.95 246.02115 60.0 0.0 1632471134490
902 1632471130977 31.2534575 121.50633972222222 24.49 -107.95 246.00742 60.0 0.0 1632471135492
905 1632471131966 31.253396388888888 121.50617861111111 24.49 -107.95 245.98761 60.0 0.0 1632471136495
909 1632471132966 31.253335555555555 121.50601833333333 24.49 -107.95 245.97029 60.0 0.0 1632471137495
911 1632471133984 31.253274444444443 121.50585805555555 24.49 -107.95 245.96558 60.0 0.0 1632471138497
909 1632471135022 31.25321361111111 121.50569805555556 24.49 -107.95 245.96553 60.0 0.0 1632471139497
905 1632471135972 31.2531525 121.50553805555556 24.49 -107.95 245.96724 60.0 0.0 1632471140499
902 1632471136970 31.253088333333334 121.50537916666667 24.49 -107.95 244.30408 60.0 0.0 1632471141502
903 1632471137978 31.25302222222222 121.50522111111111 24.49 -107.95 244.14787 60.0 0.0 1632471142507
907 1632471138979 31.252956666666666 121.50506333333334 24.49 -107.95 244.15573 60.0 0.0 1632471143507
910 1632471139974 31.252891388888887 121.50490527777778 24.49 -107.95 244.16388 60.0 0.0 1632471144507
910 1632471140978 31.252826111111112 121.50474722222222 24.49 -107.95 244.1637 60.0 0.0 1632471145509
906 1632471142078 31.252760555555554 121.50458916666666 24.49 -107.95 244.16328 60.0 0.0 1632471146512
903 1632471142984 31.252695 121.50443111111112 24.49 -107.95 244.20117 60.0 0.0 1632471147514
902 1632471143988 31.25263 121.50427333333333 24.49 -107.95 244.18317 60.0 0.0 1632471148514
906 1632471145007 31.25256472222222 121.50411527777777 24.49 -107.95 244.16736 60.0 0.0 1632471149518
910 1632471145993 31.252499444444446 121.50395722222223 24.49 -107.95 244.17004 60.0 0.0 1632471150523
910 1632471147001 31.252434166666667 121.50379916666667 24.49 -107.95 244.2403 60.0 0.0 1632471151527
907 1632471148010 31.252369166666668 121.50364111111111 24.49 -107.95 244.24043 60.0 0.0 1632471152529
902 1632471149036 31.252304166666665 121.50348333333334 24.49 -107.95 244.2185 60.0 0.0 1632471153530
902 1632471150003 31.252239166666666 121.50332527777778 24.49 -107.95 244.17213 60.0 0.0 1632471154532
905 1632471151003 31.25217388888889 121.50316722222222 24.49 -107.95 244.17043 60.0 0.0 1632471155531
909 1632471152002 31.25210861111111 121.50300916666667 24.49 -107.95 244.33107 60.0 0.0 1632471156532
910 1632471153007 31.252043611111112 121.50285083333333 24.49 -107.95 244.41544 60.0 0.0 1632471157536
907 1632471154008 31.251976944444444 121.50269277777778 24.49 -107.95 243.8039 60.0 0.0 1632471158538
903 1632471155014 31.25191 121.50253472222222 24.49 -107.95 243.77943 60.0 0.0 1632471159543
902 1632471156010 31.251843333333333 121.50237666666666 24.49 -107.95 243.82266 60.0 0.0 1632471160540
905 1632471157016 31.251776944444444 121.50221888888889 24.49 -107.95 243.8326 60.0 0.0 1632471161547
909 1632471158016 31.2517125 121.50206027777777 24.49 -107.95 245.01749 60.0 0.0 1632471162548
910 1632471159029 31.251649444444446 121.50190111111111 24.49 -107.95 245.16737 60.0 0.0 1632471163551
907 1632471160029 31.25158638888889 121.50174194444445 24.49 -107.95 245.1329 60.0 0.0 1632471164554
902 1632471161031 31.25152138888889 121.50158361111112 24.49 -107.95 244.66241 60.0 0.0 1632471165556
902 1632471162028 31.2514575 121.50142472222223 24.49 -107.95 244.68382 60.0 0.0 1632471166558
907 1632471163028 31.251393333333333 121.50126583333333 24.49 -107.94 244.66489 60.0 0.0 1632471167560
911 1632471164029 31.25132888888889 121.50110666666667 24.49 -107.94 244.67651 60.0 0.0 1632471168562
908 1632471165077 31.25126472222222 121.5009475 24.49 -107.94 246.72806 60.0 0.0 1632471169562
903 1632471166033 31.251205833333334 121.50078555555555 24.49 -107.94 246.96843 60.0 0.0 1632471170564
902 1632471167035 31.251146666666667 121.50062361111111 24.49 -107.94 246.99472 60.0 0.0 1632471171566
908 1632471168038 31.251088055555556 121.50046166666667 24.49 -107.94 247.05385 60.0 0.0 1632471172569
911 1632471169042 31.25102861111111 121.5003 24.49 -107.94 246.60901 60.0 0.0 1632471173574
906 1632471170059 31.250968611111112 121.50013833333334 24.49 -107.94 246.57753 60.0 0.0 1632471174574
902 1632471171044 31.25090861111111 121.49997638888888 24.49 -107.94 246.58711 60.0 0.0 1632471175575
905 1632471172065 31.25084861111111 121.49981444444444 24.49 -107.94 246.60464 60.0 0.0 1632471176578
911 1632471173048 31.250874166666666 121.49968472222223 24.49 -107.94 320.2813 60.0 0.0 1632471177580
908 1632471174052 31.251001111111112 121.49959361111111 24.49 -107.94 328.46957 60.0 0.0 1632471178585
902 1632471175059 31.251128333333334 121.49950222222222 24.49 -107.94 328.4666 60.0 0.0 1632471179587
903 1632471176080 31.251255277777776 121.49941111111112 24.49 -107.94 328.4723 60.0 0.0 1632471180590
910 1632471177069 31.251382222222222 121.49932 24.49 -107.94 328.46484 60.0 0.0 1632471181594
910 1632471178064 31.251509444444444 121.4992286111111 24.49 -107.95 328.45648 60.0 0.0 1632471182595
903 1632471179069 31.25163472222222 121.4991336111111 24.49 -107.95 327.05045 60.0 0.0 1632471183600
902 1632471180075 31.251759444444446 121.49903694444444 24.49 -107.95 326.30194 60.0 0.0 1632471184607
907 1632471181079 31.251886388888888 121.49894527777778 24.49 -107.95 331.75397 60.0 0.0 1632471185610
910 1632471182102 31.25201861111111 121.49886444444445 24.49 -107.95 332.38202 60.0 0.0 1632471186613
906 1632471183088 31.252150555555556 121.49878333333334 24.49 -107.95 332.4547 60.0 0.0 1632471187619
902 1632471184088 31.252281944444444 121.49870027777777 24.49 -107.95 329.5478 60.0 0.0 1632471188619
903 1632471185095 31.25241 121.49861083333333 24.49 -107.95 329.17206 60.0 0.0 1632471189625
908 1632471186095 31.252538055555554 121.49852138888889 24.49 -107.95 329.1805 60.0 0.0 1632471190626
911 1632471187098 31.252667777777777 121.49843527777777 24.49 -107.95 331.76373 60.0 0.0 1632471191628
908 1632471188098 31.25279972222222 121.49835333333333 24.49 -107.95 332.0579 60.0 0.0 1632471192630
903 1632471189101 31.252931666666665 121.4982713888889 24.49 -107.95 332.06714 60.0 0.0 1632471193631
902 1632471190106 31.25306388888889 121.49818944444445 24.49 -107.95 332.08496 60.0 0.0 1632471194632
905 1632471191121 31.253195833333333 121.4981075 24.49 -107.95 332.1341 60.0 0.0 1632471195635
909 1632471192109 31.253327777777777 121.49802583333333 24.49 -107.95 332.3354 60.0 0.0 1632471196639
910 1632471193131 31.253284166666667 121.49785833333334 24.49 -107.95 252.56717 60.0 0.0 1632471197640
909 1632471194098 31.253243055555554 121.49774055555555 24.49 -107.95 178.07089 60.0 0.0 1632471198449
904 1632471195116 31.253093055555556 121.49785805555555 24.49 -107.95 146.12105 60.0 0.0 1632471199647
902 1632471196120 31.25296638888889 121.49795222222222 24.49 -107.95 150.13257 60.0 0.0 1632471200650
902 1632471197124 31.252835555555556 121.49803861111111 24.49 -107.95 150.56204 60.0 0.0 1632471201649
903 1632471198119 31.252704444444444 121.498125 24.49 -107.95 150.5627 60.0 0.0 1632471202650
906 1632471199126 31.25257361111111 121.49821138888889 24.49 -107.95 150.56648 60.0 0.0 1632471203652
909 1632471200124 31.2524425 121.49829805555555 24.49 -107.95 150.60776 60.0 0.0 1632471204654
910 1632471201127 31.252316666666665 121.4983925 24.49 -107.95 147.2255 60.0 0.0 1632471205657
910 1632471202109 31.25220388888889 121.49847888888888 24.49 -107.95 146.90904 60.0 0.0 1632471206560
909 1632471203119 31.252077777777778 121.49857472222222 24.49 -107.95 146.8901 60.0 0.0 1632471207563
906 1632471204135 31.251944722222223 121.49868944444444 24.49 -107.95 142.95914 60.0 0.0 1632471208666
903 1632471205062 31.251836666666666 121.498785 24.49 -107.95 142.96346 60.0 0.0 1632471209565
902 1632471206139 31.25170472222222 121.49890138888888 24.49 -107.95 142.9718 60.0 0.0 1632471210665
902 1632471207146 31.251584722222223 121.4990075 24.49 -107.95 142.9885 60.0 0.0 1632471211665
904 1632471208077 31.251476666666665 121.49910277777778 24.49 -107.95 143.01439 60.0 0.0 1632471212574
907 1632471209172 31.25134472222222 121.49921944444445 24.49 -107.94 142.66916 60.0 0.0 1632471213679
910 1632471210152 31.25122222222222 121.49932111111112 24.49 -107.94 148.43481 60.0 0.0 1632471214682
911 1632471211153 31.251093333333333 121.49941111111112 24.49 -107.94 149.05255 60.0 0.0 1632471215683
910 1632471212158 31.250964166666666 121.49950111111112 24.49 -107.94 149.00845 60.0 0.0 1632471216684
907 1632471213156 31.250835277777778 121.49959166666666 24.49 -107.94 148.99434 60.0 0.0 1632471217685
905 1632471214162 31.25070611111111 121.4996825 24.49 -107.94 149.00278 60.0 0.0 1632471218687
903 1632471215160 31.250571666666666 121.49976055555555 24.49 -107.94 154.94215 60.0 0.0 1632471219690
902 1632471216113 31.250448333333335 121.49982638888889 24.49 -107.94 155.60858 60.0 0.0 1632471220591
903 1632471218174 31.250160555555556 121.49997972222222 24.49 -107.94 155.64812 60.0 0.0 1632471222698
906 1632471218271 31.250146944444445 121.49998694444444 24.49 -107.94 155.65298 60.0 0.0 1632471222798
909 1632471219090 31.250037222222222 121.500045 24.49 -107.94 155.65509 60.0 0.0 1632471223599
910 1632471220175 31.249886666666665 121.50012472222222 24.49 -107.94 155.65547 60.0 0.0 1632471224702
910 1632471221091 31.249763333333334 121.50019 24.49 -107.94 155.65521 60.0 0.0 1632471225602
907 1632471222176 31.2496125 121.50026972222223 24.49 -107.94 155.65234 60.0 0.0 1632471226705
904 1632471223187 31.249475555555556 121.50034222222222 24.49 -107.94 155.62216 60.0 0.0 1632471227709
902 1632471224185 31.249339444444445 121.50041888888889 24.49 -107.94 154.23418 60.0 0.0 1632471228712
902 1632471225187 31.24920361111111 121.50049583333333 24.49 -107.94 154.24106 60.0 0.0 1632471229713
904 1632471226183 31.2490675 121.50057277777778 24.49 -107.94 154.24966 60.0 0.0 1632471230713
907 1632471227185 31.248931388888888 121.50065 24.49 -107.94 154.26067 60.0 0.0 1632471231716
910 1632471228192 31.248795555555557 121.50072694444444 24.49 -107.94 154.2753 60.0 0.0 1632471232718
911 1632471229102 31.248673055555557 121.50079611111111 24.49 -107.94 154.2845 60.0 0.0 1632471233621
908 1632471230196 31.24852361111111 121.50088027777778 24.49 -107.94 154.28516 60.0 0.0 1632471234727
905 1632471231210 31.2483875 121.50095694444444 24.49 -107.94 154.28499 60.0 0.0 1632471235729
902 1632471232177 31.248265 121.50102583333333 24.49 -107.94 154.28397 60.0 0.0 1632471236630
902 1632471233207 31.248115555555554 121.50111 24.49 -107.94 154.27885 60.0 0.0 1632471237735
904 1632471234132 31.247993333333334 121.50117888888889 24.49 -107.94 156.36676 60.0 0.0 1632471238639
908 1632471235214 31.247841666666666 121.501255 24.49 -107.94 156.91489 60.0 0.0 1632471239741
911 1632471236212 31.247706666666666 121.50133277777778 24.49 -107.94 152.49077 60.0 0.0 1632471240742
909 1632471237215 31.24757361111111 121.50141583333334 24.49 -107.94 152.00955 60.0 0.0 1632471241742
906 1632471238124 31.247453888888888 121.50149 24.49 -107.94 152.01219 60.0 0.0 1632471242642
902 1632471239215 31.247307777777777 121.50158111111111 24.49 -107.94 152.01414 60.0 0.0 1632471243746
902 1632471240219 31.247174722222223 121.50166361111111 24.49 -107.94 152.00673 60.0 0.0 1632471244750
905 1632471241222 31.247041666666668 121.50174638888889 24.49 -107.94 152.0079 60.0 0.0 1632471245751
910 1632471242225 31.24690861111111 121.5018288888889 24.49 -107.94 152.0131 60.0 0.0 1632471246752
910 1632471243223 31.246776666666666 121.50191416666667 24.49 -107.94 150.4317 60.0 0.0 1632471247754
906 1632471244133 31.246658888888888 121.5019925 24.49 -107.94 150.24332 60.0 0.0 1632471248655
903 1632471245140 31.24652777777778 121.50207944444445 24.49 -107.94 150.21637 60.0 0.0 1632471249657
903 1632471246245 31.24638388888889 121.50217527777778 24.49 -107.94 150.18547 60.0 0.0 1632471250761
907 1632471247148 31.246265833333332 121.50225444444445 24.49 -107.94 150.18239 60.0 0.0 1632471251662
911 1632471248146 31.246135 121.50234222222223 24.49 -107.94 150.18094 60.0 0.0 1632471252664
908 1632471249134 31.24600388888889 121.50243 24.49 -107.94 150.17825 60.0 0.0 1632471253665
903 1632471250142 31.245872777777777 121.50251777777778 24.49 -107.94 150.171 60.0 0.0 1632471254667
902 1632471251144 31.245741944444443 121.50260555555556 24.49 -107.94 150.17534 60.0 0.0 1632471255670
906 1632471252152 31.245614444444445 121.50269861111111 24.49 -107.94 147.77682 60.0 0.0 1632471256673
911 1632471253146 31.2454875 121.50279277777778 24.49 -107.94 147.809 60.0 0.0 1632471257676
908 1632471254161 31.245360555555557 121.50288611111111 24.49 -107.94 147.81795 60.0 0.0 1632471258678
903 1632471255150 31.24523361111111 121.50297972222222 24.49 -107.94 147.82303 60.0 0.0 1632471259681
902 1632471256157 31.24510666666667 121.50307305555556 24.49 -107.94 147.73796 60.0 0.0 1632471260686
907 1632471257156 31.244979722222222 121.50316722222222 24.49 -107.94 147.72336 60.0 0.0 1632471261687
911 1632471258156 31.2448525 121.50326111111112 24.49 -107.94 147.72722 60.0 0.0 1632471262687
908 1632471259164 31.244725555555554 121.503355 24.49 -107.94 147.73174 60.0 0.0 1632471263690
903 1632471260173 31.244598611111112 121.50344916666667 24.49 -107.94 147.73712 60.0 0.0 1632471264692
902 1632471261160 31.244471666666666 121.50354305555555 24.49 -107.94 147.74362 60.0 0.0 1632471265692
907 1632471262195 31.244357222222224 121.50362777777778 24.49 -107.94 147.7509 60.0 0.0 1632471266597
911 1632471263163 31.2442175 121.50373111111111 24.49 -107.94 147.76181 60.0 0.0 1632471267695
908 1632471264167 31.244090555555555 121.503825 24.49 -107.94 147.77502 60.0 0.0 1632471268698
903 1632471265168 31.243963611111113 121.50391916666666 24.49 -107.94 147.793 60.0 0.0 1632471269699
902 1632471266182 31.243836666666667 121.50401305555556 24.49 -107.94 147.81387 60.0 0.0 1632471270699
906 1632471267205 31.24370972222222 121.50410638888889 24.49 -107.94 147.81964 60.0 0.0 1632471271701
910 1632471268203 31.2435825 121.5042 24.49 -107.94 147.82256 60.0 0.0 1632471272706
910 1632471269177 31.243455555555556 121.50429333333334 24.49 -107.94 147.81189 60.0 0.0 1632471273708
904 1632471270184 31.24332861111111 121.50438694444445 24.49 -107.94 147.81076 60.0 0.0 1632471274715
902 1632471271192 31.243200555555557 121.50447805555555 24.49 -107.94 149.26704 60.0 0.0 1632471275717
904 1632471272204 31.24307138888889 121.50456722222222 24.49 -107.94 149.63754 60.0 0.0 1632471276717
908 1632471273211 31.242941388888887 121.50465611111112 24.49 -107.94 149.64421 60.0 0.0 1632471277720
911 1632471274190 31.242811666666668 121.504745 24.49 -107.94 149.6453 60.0 0.0 1632471278722
907 1632471275193 31.242681666666666 121.50483416666667 24.49 -107.94 149.64693 60.0 0.0 1632471279724
903 1632471276195 31.242551666666667 121.50492305555555 24.49 -107.94 149.64984 60.0 0.0 1632471280727
902 1632471277199 31.242421944444445 121.50501222222222 24.49 -107.94 149.65637 60.0 0.0 1632471281731
905 1632471278212 31.242291944444446 121.50510111111112 24.49 -107.94 149.68439 60.0 0.0 1632471282730
910 1632471279204 31.242161111111113 121.50518777777778 24.49 -107.94 151.08862 60.0 0.0 1632471283730
910 1632471280209 31.242029166666665 121.50527194444444 24.49 -107.94 151.4346 60.0 0.0 1632471284733
907 1632471281205 31.24189722222222 121.50535583333334 24.49 -107.94 151.432 60.0 0.0 1632471285736
903 1632471282210 31.241765277777777 121.50544 24.49 -107.94 151.42844 60.0 0.0 1632471286741
902 1632471283213 31.241633333333333 121.50552388888889 24.49 -107.94 151.42313 60.0 0.0 1632471287744
905 1632471284219 31.241501111111113 121.50560777777778 24.49 -107.94 151.4144 60.0 0.0 1632471288746
910 1632471285215 31.241369166666665 121.50569194444445 24.49 -107.94 151.39734 60.0 0.0 1632471289746
910 1632471286214 31.24123722222222 121.50577583333333 24.49 -107.94 151.34781 60.0 0.0 1632471290745
908 1632471287223 31.241105 121.50586 24.49 -107.94 157.3824 60.0 0.0 1632471291750
904 1632471288652 31.24090916666667 121.50594833333334 24.49 -107.94 160.58371 60.0 0.0 1632471293155
901 1632471289235 31.240824444444446 121.50598416666666 24.49 -107.94 165.8844 60.0 0.0 1632471293755
903 1632471290244 31.2406775 121.50602194444444 24.49 -107.94 167.73824 60.0 0.0 1632471294759
907 1632471291232 31.240528055555554 121.5060286111111 24.49 -107.94 180.0 60.0 0.0 1632471295763
910 1632471292236 31.240379166666667 121.50601 24.49 -107.94 187.74985 60.0 0.0 1632471296766
910 1632471293241 31.240235277777778 121.50596 24.49 -107.94 198.56952 60.0 0.0 1632471297771
907 1632471294252 31.2400975 121.50589027777778 24.49 -107.94 210.11768 60.0 0.0 1632471298770
904 1632471295253 31.239970555555555 121.50579583333334 24.49 -107.94 212.40173 60.0 0.0 1632471299775
902 1632471296312 31.23985777777778 121.50568083333333 24.49 -107.94 221.70958 60.0 0.0 1632471300778
903 1632471297248 31.23974972222222 121.50555861111111 24.49 -107.94 224.03223 60.0 0.0 1632471301779
907 1632471298251 31.239641666666667 121.50543666666667 24.49 -107.94 224.04085 60.0 0.0 1632471302781
910 1632471299258 31.23953388888889 121.50531472222222 24.49 -107.94 224.05722 60.0 0.0 1632471303780
910 1632471300257 31.239425833333332 121.50519277777778 24.49 -107.94 224.10136 60.0 0.0 1632471304781
907 1632471301272 31.239317777777778 121.50507027777778 24.49 -107.94 224.03708 60.0 0.0 1632471305782
903 1632471302257 31.239238333333333 121.50492444444444 24.49 -107.94 234.76735 60.0 0.0 1632471306787
902 1632471303260 31.239155277777776 121.50477916666667 24.49 -107.94 243.94876 60.0 0.0 1632471307790
905 1632471304288 31.23914388888889 121.50461 24.49 -107.94 271.62622 60.0 0.0 1632471308794
909 1632471305273 31.23919972222222 121.50445055555555 24.49 -107.94 315.20816 60.0 0.0 1632471309796
910 1632471306270 31.239324166666666 121.50435277777778 24.49 -107.94 326.34375 60.0 0.0 1632471310800
907 1632471307273 31.23944638888889 121.50425194444445 24.49 -107.94 321.62805 60.0 0.0 1632471311803
903 1632471308281 31.239562222222222 121.50414027777778 24.49 -107.94 321.85904 60.0 0.0 1632471312804
902 1632471309292 31.23968027777778 121.50403333333334 24.49 -107.94 322.2053 60.0 0.0 1632471313807
906 1632471310281 31.239799166666668 121.50392722222222 24.49 -107.94 322.85022 60.0 0.0 1632471314812
911 1632471311287 31.239919166666667 121.50382166666667 24.49 -107.94 322.96204 60.0 0.0 1632471315816
910 1632471312287 31.24003888888889 121.50371583333333 24.49 -107.94 321.8967 60.0 0.0 1632471316819
906 1632471313392 31.240169444444444 121.50359861111112 24.49 -107.94 323.08136 60.0 0.0 1632471317921
902 1632471314304 31.2402775 121.50350416666667 24.49 -107.94 323.25385 60.0 0.0 1632471318825
903 1632471315316 31.2403975 121.50339916666667 24.49 -107.94 323.2704 60.0 0.0 1632471319825
907 1632471316309 31.2405175 121.50329416666666 24.49 -107.94 323.30142 60.0 0.0 1632471320830
910 1632471317303 31.2406375 121.50318916666667 24.49 -107.94 323.38156 60.0 0.0 1632471321834
909 1632471318316 31.240757777777777 121.50308472222223 24.49 -107.94 323.40277 60.0 0.0 1632471322835
904 1632471319326 31.240815833333333 121.50292916666666 24.49 -107.94 242.69853 60.0 0.0 1632471323838
902 1632471320314 31.240722777777776 121.50279111111111 24.49 -107.94 231.63158 60.0 0.0 1632471324839
904 1632471321315 31.24062916666667 121.50265305555556 24.49 -107.94 231.63626 60.0 0.0 1632471325841
910 1632471322313 31.240535833333333 121.502515 24.49 -107.94 231.63911 60.0 0.0 1632471326844
910 1632471323279 31.240451944444445 121.50239083333334 24.49 -107.94 231.65686 60.0 0.0 1632471327752
906 1632471324318 31.240349722222224 121.50223916666667 24.49 -107.94 231.63852 60.0 0.0 1632471328848
902 1632471325319 31.240256111111112 121.50210111111112 24.49 -107.94 231.62498 60.0 0.0 1632471329850
903 1632471326324 31.24016222222222 121.5019638888889 24.49 -107.94 229.34735 60.0 0.0 1632471330854
908 1632471327325 31.240063055555556 121.50183166666666 24.49 -107.94 228.82397 60.0 0.0 1632471331856
911 1632471328326 31.239957222222223 121.50170722222222 24.49 -107.94 223.5194 60.0 0.0 1632471332856
908 1632471329333 31.239845555555554 121.50158888888889 24.49 -107.94 222.22719 60.0 0.0 1632471333862
904 1632471330333 31.239730277777777 121.50147583333333 24.49 -107.94 219.20561 60.0 0.0 1632471334865
902 1632471331353 31.239612222222224 121.50136638888888 24.49 -107.94 217.70964 60.0 0.0 1632471335867
905 1632471332343 31.239493333333332 121.50125944444444 24.49 -107.94 217.51306 60.0 0.0 1632471336872
910 1632471333288 31.239386111111113 121.50116305555555 24.49 -107.94 217.47673 60.0 0.0 1632471337772
911 1632471334360 31.239246944444446 121.50105972222222 24.49 -107.94 209.7524 60.0 0.0 1632471338873
908 1632471335356 31.239113888888888 121.50097777777778 24.49 -107.94 207.84132 60.0 0.0 1632471339875
905 1632471336345 31.238980833333333 121.50089583333333 24.49 -107.94 207.86441 60.0 0.0 1632471340877
903 1632471337350 31.238847777777778 121.50081361111111 24.49 -107.94 207.88446 60.0 0.0 1632471341878
903 1632471338386 31.23871388888889 121.50073388888889 24.49 -107.94 201.86787 60.0 0.0 1632471342880
905 1632471339367 31.238581666666665 121.5006536111111 24.49 -107.94 213.84492 60.0 0.0 1632471343883
909 1632471340370 31.23852 121.50051361111112 24.49 -107.94 259.44983 60.0 0.0 1632471344888
911 1632471341361 31.238470833333334 121.50035444444444 24.49 -107.94 233.50786 60.0 0.0 1632471345891
910 1632471342365 31.238353333333333 121.50024722222223 24.49 -107.94 196.63104 60.0 0.0 1632471346895
907 1632471343397 31.238219166666667 121.50022277777778 24.49 -107.94 164.7364 60.0 0.0 1632471347803
905 1632471344369 31.238075833333333 121.50031194444445 24.49 -107.94 140.51436 60.0 0.0 1632471348902
903 1632471345383 31.237995 121.50045527777777 24.49 -107.94 102.64134 60.0 0.0 1632471349905
902 1632471346399 31.237994722222222 121.50062861111111 24.49 -107.94 66.304596 60.0 0.0 1632471350907
902 1632471347380 31.23806 121.50077972222222 24.49 -107.94 97.30365 60.0 0.0 1632471351911
904 1632471348383 31.238016666666667 121.50094666666666 24.49 -107.94 106.95806 60.0 0.0 1632471352915
908 1632471349390 31.237965555555554 121.50111055555556 24.49 -107.94 109.94352 60.0 0.0 1632471353915
910 1632471350400 31.237920555555554 121.5012775 24.49 -107.94 107.32006 60.0 0.0 1632471354917
911 1632471351390 31.237861666666667 121.50143833333334 24.49 -107.94 114.70767 60.0 0.0 1632471355918
910 1632471352397 31.23779861111111 121.50159722222222 24.49 -107.94 114.65346 60.0 0.0 1632471356920
907 1632471353392 31.237736388888887 121.5017563888889 24.49 -107.94 114.65379 60.0 0.0 1632471357923
904 1632471354402 31.23767388888889 121.50191527777778 24.49 -107.94 114.653366 60.0 0.0 1632471358925
903 1632471355401 31.23758972222222 121.50200416666667 24.49 -107.94 187.47455 60.0 0.0 1632471359931
902 1632471356401 31.23747277777778 121.50199222222223 24.49 -107.94 134.54955 60.0 0.0 1632471360933
904 1632471357403 31.237405833333334 121.50214805555555 24.49 -107.94 116.79807 60.0 0.0 1632471361934
906 1632471358351 31.237345277777777 121.50228861111111 24.49 -107.94 116.8528 60.0 0.0 1632471362848
909 1632471359323 31.258623055555557 121.51593194444445 24.49 -107.95 -1.0 0.0 550.0 1632471362970
911 1632471418529 31.258623055555557 121.51593194444445 24.49 -107.95 -1.0 0.0 550.0 1632471423045
910 1632471476239 31.258623055555557 121.51593194444445 24.49 -107.95 -1.0 0.0 550.0 1632471480757
908 1632471476328 31.258623055555557 121.51593194444445 24.49 -107.95 -1.0 0.0 550.0 1632471480859
904 1632471477329 31.258623055555557 121.51593194444445 24.49 -107.95 -1.0 0.0 550.0 1632471481860
902 1632471477432 31.258623055555557 121.51593194444445 24.49 -107.95 -1.0 0.0 550.0 1632471481961
902 1632471477529 31.258623055555557 121.51593194444445 24.49 -107.95 -1.0 0.0 550.0 1632471482061
903 1632471477630 31.258623055555557 121.51593194444445 24.49 -107.95 -1.0 0.0 550.0 1632471482162
907 1632471477748 31.258623055555557 121.51593194444445 24.49 -107.95 -1.0 0.0 550.0 1632471482262
910 1632471478134 31.258623055555557 121.51593194444445 24.49 -107.95 -1.0 0.0 550.0 1632471482565
911 1632471478268 31.258623055555557 121.51593194444445 24.49 -107.95 -1.0 0.0 550.0 1632471482764905 1632471528751 31.258812777777777 121.5171511111111 24.49 -107.95 49.642544 60.0 0.0 1632471533281906 1632471688503 31.258203055555555 121.51636277777777 24.49 -107.95 47.194286 0.0 200.0 1632471692948
905 1632471688609 31.258203055555555 121.51636277777777 24.49 -107.95 47.194286 0.0 200.0 1632471692948
909 1632471688737 31.258203055555555 121.51636277777777 24.49 -107.95 47.194286 60.0 0.0 1632471693259
910 1632471689631 31.258203055555555 121.51636277777777 24.49 -107.95 47.194286 60.0 0.0 1632471694160
909 1632471690142 31.258253611111112 121.51642638888889 24.49 -107.95 47.6986 60.0 0.0 1632471694661
906 1632471691137 31.258353333333332 121.51655583333333 24.49 -107.95 48.176533 60.0 0.0 1632471695662
902 1632471692273 31.2584525 121.51668583333333 24.49 -107.95 48.131187 60.0 0.0 1632471696666
901 1632471693153 31.25855222222222 121.51681583333334 24.49 -107.95 47.710495 60.0 0.0 1632471697667
903 1632471694145 31.258652777777776 121.51694444444445 24.49 -107.95 47.293304 60.0 0.0 1632471698672
906 1632471695149 31.25875361111111 121.5170725 24.49 -107.95 48.465954 60.0 0.0 1632471699672
909 1632471696174 31.25885138888889 121.51720416666667 24.49 -107.95 49.645664 60.0 0.0 1632471700673
910 1632471697149 31.258947777777777 121.51733722222222 24.49 -107.95 49.65549 60.0 0.0 1632471701676
908 1632471698149 31.25904583333333 121.51746166666666 24.49 -107.95 9.917583 60.0 0.0 1632471702677
904 1632471699148 31.259175833333334 121.51737472222223 24.49 -107.95 330.1498 60.0 0.0 1632471703677
901 1632471700149 31.259305833333332 121.51728777777778 24.49 -107.95 330.13565 60.0 0.0 1632471704680
902 1632471701155 31.25943527777778 121.51720083333333 24.49 -107.95 330.13358 60.0 0.0 1632471705685
905 1632471702127 31.259551666666667 121.5171225 24.49 -107.95 330.1351 60.0 0.0 1632471706585
909 1632471703184 31.259694166666666 121.51702666666667 24.49 -107.95 329.64575 60.0 0.0 1632471707692
910 1632471704164 31.2598225 121.5169375 24.49 -107.95 331.46295 60.0 0.0 1632471708693
908 1632471705184 31.259955555555557 121.51685833333333 24.49 -107.95 331.87204 60.0 0.0 1632471709699
905 1632471706209 31.260085833333335 121.5167736111111 24.49 -107.95 330.5047 60.0 0.0 1632471710703
902 1632471707179 31.26021611111111 121.5166875 24.49 -107.95 331.02643 60.0 0.0 1632471711707
903 1632471708184 31.260346944444443 121.5166025 24.49 -107.95 331.03976 60.0 0.0 1632471712710
907 1632471709182 31.260478055555556 121.5165175 24.49 -107.95 331.06613 60.0 0.0 1632471713711
911 1632471710185 31.26060888888889 121.5164325 24.49 -107.95 331.14795 60.0 0.0 1632471714713
911 1632471711185 31.26074 121.51634805555555 24.49 -107.95 327.35925 60.0 0.0 1632471715714
908 1632471712187 31.26077527777778 121.5162386111111 24.49 -107.95 273.65527 60.0 0.0 1632471716717
903 1632471713481 31.260645833333335 121.51609222222223 24.49 -107.95 223.91307 60.0 0.0 1632471717918
902 1632471714195 31.260559166666667 121.51599472222222 24.49 -107.95 223.89575 60.0 0.0 1632471718721
904 1632471715195 31.260450833333334 121.5158725 24.49 -107.95 223.8828 60.0 0.0 1632471719723
908 1632471716198 31.2603425 121.51575055555556 24.49 -107.95 224.06865 60.0 0.0 1632471720727
911 1632471717223 31.260234166666667 121.51562805555555 24.49 -107.95 224.27957 60.0 0.0 1632471721733
910 1632471718203 31.2601275 121.51550388888889 24.49 -107.95 225.3475 60.0 0.0 1632471722733
906 1632471719207 31.26002111111111 121.51537916666666 24.49 -107.95 224.57974 60.0 0.0 1632471723736
902 1632471720215 31.259911944444443 121.51525722222222 24.49 -107.95 223.73325 60.0 0.0 1632471724741
903 1632471721215 31.259803055555555 121.515135 24.49 -107.95 223.7326 60.0 0.0 1632471725744
906 1632471722217 31.25969388888889 121.51501305555556 24.49 -107.95 223.73001 60.0 0.0 1632471726746
910 1632471723429 31.259563333333332 121.51486722222222 24.49 -107.95 223.55182 60.0 0.0 1632471727948
910 1632471724230 31.259476111111113 121.51477027777777 24.49 -107.95 223.47049 60.0 0.0 1632471728752
907 1632471725230 31.259366944444444 121.51464916666667 24.49 -107.95 223.44295 60.0 0.0 1632471729754
904 1632471726241 31.259258055555556 121.51452861111112 24.49 -107.95 224.17303 60.0 0.0 1632471730756
902 1632471727242 31.259150833333333 121.51440472222222 24.49 -107.95 224.95424 60.0 0.0 1632471731762
905 1632471728235 31.25904388888889 121.51427972222223 24.49 -107.95 224.9719 60.0 0.0 1632471732762
910 1632471729248 31.258936944444443 121.514155 24.49 -107.95 224.97717 60.0 0.0 1632471733765
910 1632471730237 31.258830833333334 121.51403055555555 24.49 -107.95 225.05788 60.0 0.0 1632471734766
907 1632471731242 31.258724722222222 121.51390555555555 24.49 -107.95 225.13403 60.0 0.0 1632471735769
903 1632471732244 31.25861888888889 121.51378055555556 24.49 -107.95 225.1151 60.0 0.0 1632471736773
903 1632471733247 31.258512777777778 121.51365555555556 24.49 -107.95 225.0867 60.0 0.0 1632471737775
906 1632471734246 31.258406666666666 121.51353055555556 24.49 -107.95 225.04349 60.0 0.0 1632471738775
911 1632471735265 31.258300833333333 121.51340611111111 24.49 -107.95 225.01996 60.0 0.0 1632471739779
911 1632471736260 31.25819472222222 121.51328222222222 24.49 -107.95 225.01633 60.0 0.0 1632471740778
907 1632471737252 31.258088611111113 121.51315777777778 24.49 -107.95 225.75482 60.0 0.0 1632471741780
902 1632471738251 31.257984722222222 121.51302972222223 24.49 -107.95 225.2917 60.0 0.0 1632471742780
903 1632471739256 31.257877222222223 121.5129075 24.49 -107.95 224.09274 60.0 0.0 1632471743781
906 1632471740258 31.257769166666666 121.512785 24.49 -107.95 224.10596 60.0 0.0 1632471744784
910 1632471741263 31.257661111111112 121.5126625 24.49 -107.95 224.05685 60.0 0.0 1632471745792
911 1632471742262 31.25755 121.51254388888889 24.49 -107.95 221.11145 60.0 0.0 1632471746792
906 1632471743277 31.257437222222222 121.5124286111111 24.49 -107.95 220.80814 60.0 0.0 1632471747793
902 1632471744278 31.257323055555556 121.51231444444444 24.49 -107.95 220.52533 60.0 0.0 1632471748794
903 1632471745288 31.257209444444445 121.51219972222222 24.49 -107.95 221.75574 60.0 0.0 1632471749796
907 1632471746281 31.257099444444446 121.51207972222223 24.49 -107.95 222.9837 60.0 0.0 1632471750797
911 1632471747284 31.256989444444443 121.51195972222222 24.49 -107.95 222.97726 60.0 0.0 1632471751801
910 1632471748272 31.256879444444444 121.51183972222222 24.49 -107.95 222.96283 60.0 0.0 1632471752801
904 1632471749282 31.256769444444444 121.51171972222222 24.49 -107.95 222.89111 60.0 0.0 1632471753808
902 1632471750282 31.25665861111111 121.51160055555556 24.49 -107.95 222.38211 60.0 0.0 1632471754811
904 1632471751294 31.256546666666665 121.5114825 24.49 -107.95 221.88257 60.0 0.0 1632471755813
910 1632471752286 31.256434722222224 121.511365 24.49 -107.95 221.86914 60.0 0.0 1632471756814
911 1632471753244 31.25633388888889 121.51125916666666 24.49 -107.95 221.86635 60.0 0.0 1632471757715
907 1632471754301 31.256210833333334 121.51113 24.49 -107.95 223.07867 60.0 0.0 1632471758819
903 1632471755297 31.256102777777777 121.5110075 24.49 -107.95 223.58176 60.0 0.0 1632471759825
903 1632471756300 31.2559925 121.51088722222222 24.49 -107.95 222.83192 60.0 0.0 1632471760828
907 1632471757305 31.255881944444443 121.51076722222223 24.49 -107.95 221.79666 60.0 0.0 1632471761828
910 1632471758307 31.255768888888888 121.51065111111112 24.49 -107.95 220.76999 60.0 0.0 1632471762834
910 1632471759225 31.25566638888889 121.5105475 24.49 -107.95 220.76907 60.0 0.0 1632471763734
906 1632471760477 31.25555222222222 121.5104325 24.49 -107.95 220.76698 60.0 0.0 1632471764735
902 1632471761251 31.258623055555557 121.51593194444445 24.49 -107.95 -1.0 0.0 550.0 1632471765774907 1632472352479 31.2586425 121.51693166666666 24.49 -107.95 47.293167 60.0 0.0 1632472356961
904 1632472353258 31.258723333333332 121.51703388888889 24.49 -107.95 47.762993 60.0 0.0 1632472357762
901 1632472354236 31.2588225 121.51716444444445 24.49 -107.95 49.643322 60.0 0.0 1632472358763
898 1632472355254 31.25891888888889 121.5172975 24.49 -107.95 49.656544 60.0 0.0 1632472359766
896 1632472356245 31.259015555555557 121.51743027777778 24.49 -107.95 33.772537 60.0 0.0 1632472360767
897 1632472357268 31.259136944444446 121.51740083333334 24.49 -107.95 330.15466 60.0 0.0 1632472361772
900 1632472358249 31.259266666666665 121.51731388888889 24.49 -107.95 330.13794 60.0 0.0 1632472362774
904 1632472359247 31.259396388888888 121.51722694444445 24.49 -107.95 330.1346 60.0 0.0 1632472363775